34
83
89
90
93
96
108
114
122
128
129
133
134
136
160
163
178
192
200
226
231
244
287
292
299
314
327
337
343
346
355
359
379
380
381
386
397
404
407
415
426
438
458
462
464
468
488
493
496
498
501
508
514
531
534
552
554
563
574
575
591
592
593
595
611
618
633
646
649
662
668
678
679
704
712
713
726
743
745
747
764
770
773
786
787
788
792
796
800
816
820
823
833
841
850
855
857
872
890
892
893
897
912
915
929
937
949
951
963
968
976
989
990
1000
1005
1014
1024
1041
1049
1058
1065
1071
1085
1089
1090
1091
1117
1123
1124
1129
1133
1150
1157
1172
1195
1205
1212
1215
1219
1227
1242
1249
1251
1256
1258
1259
1265
1272
1287
1288
1313
1315
1328
1339
1341
1342
1347
1350
1352
1381
1387
1395
1408
1430
1434
1442
1452
1463
1472
1474
1476
1486
1493
1501
1502
1515
1522
1529
1532
1542
1568
1569
1577
1586
1589
1593
1606
1635
1657
1681
1688
1690
1696
1697
1698
1701
1706
1714
1717
1719
1729
1732
1737
1741
1742
1761
1787
1793
1802
1826
1830
1831
1840
1862
1863
1879
1881
1884
1904
1908
1911
1918
1924
1940
1944
1963
1966
1995
2005
2010
2025
2027
2041
2059
2062
2065
2088
2093
2102
2114
2118
2123
2134
2139
2140
2143
2151
2160
2168
2173
2182
2214
2217
2224
2237
2248
2252
2253
2262
2264
2287
2293
2298
2310
2314
2324
2339
2340
2352
2358
2362
2364
2387
2402
2403
2412
2416
2432
2440
2454
2458
2461
2477
2479
2481
2483
2485
2491
2495
2503
2510
2512
2523
2527
2544
2546
2556
2563
2568
2573
2578
2608
2613
2618
2621
2625
2626
2646
2647
2656
2668
2674
2681
2683
2688
2695
2703
2705
2723
2725
2731
2732
2750
2759
2760
2763
2798
2807
2810
2816
2817
2823
2839
2846
2855
2866
2869
2880
2897
2903
2907
2939
2940
2948
2951
2972
2994
3007
3019
3045
3049
3069
3073
3080
3091
3095
3096
3108
3125
3130
3132
3136
3145
3148
3180
3184
3185
3192
3231
3259
3268
3270
3288
3292
3295
3316
3318
3331
3337
3352
3356
3359
3364
3372
3377
3378
3388
3389
3399
3406
3417
3424
3436
3442
3449
3451
3453
3465
3466
3472
3505
3552
3563
3575
3576
3577
3591
3607
3608
3610
3628
3638
3650
3671
3682
3686
3689
3692
3693
3716
3730
3731
3747
3748
3761
3768
3774
3795
3802
3826
3830
3832
3839
3851
3855
3857
3866
3880
3883
3900
3906
3915
3920
3949
3950
3957
3972
3974
4004
4024
4044
4054
4077
4091
4094
4110
4125
4127
4134
4139
4161
4170
4173
4187
4202
4218
4224
4229
4245
4254
4269
4280
4294
4296
4310
4313
4330
4353
4362
4365
4371
4372
4375
4385
4386
4395
4406
4408
4411
4413
4427
4435
4443
4466
4497
4504
4505
4524
4526
4527
4568
4569
4588
4593
4606
4607
4618
4620
4625
4632
4648
4656
4681
4699
4702
4716
4726
4732
4735
4756
4761
4780
4807
4819
4825
4838
4841
4850
4852
4854
4860
4871
4874
4891
4906
4914
4917
4933
4942
4944
4951
4959
4973
4982
4986
4999
5036
5039
5041
5043
5044
5052
5053
5056
5084
5109
5114
5123
5133
5136
5153
5166
5178
5192
5193
5200
5207
5212
5215
5216
5228
5229
5265
5266
5272
5283
5286
5289
5291
5304
5306
5313
5319
5321
5326
5328
5329
5346
5367
5368
5384
5385
5389
5391
5399
5400
5403
5432
5441
5456
5475
5479
5502
5513
5516
5521
5533
5534
5538
5546
5551
5553
5587
5603
5625
5630
5670
5674
5685
5702
5715
5717
5719
5726
5736
5747
5758
5759
5760
5769
5771
5773
5779
5790
5796
5802
5819
5840
5853
5866
5885
5888
5889
5895
5925
5930
5960
5966
5972
5982
5984
6008
6009
6011
6030
6060
6102
6124
6125
6127
6140
6161
6169
6174
6187
6192
6213
6233
6237
6239
6280
6285
6286
6289
6293
6301
6305
6306
6309
6325
6341
6344
6356
6366
6375
6376
6382
6388
6431
6439
6442
6443
6445
6446
6447
6451
6452
6458
6459
6463
6477
6478
6479
6504
6512
6525
6550
6555
6557
6582
6587
6614
6616
6634
6662
6692
6694
6706
6708
6716
6719
6730
6737
6741
6758
6761
6771
6783
6793
6801
6838
6848
6858
6869
6883
6888
6890
6892
6893
6910
6916
6932
6935
6937
6942
6955
6958
6964
6972
6990
7007
7029
7032
7038
7040
7047
7063
7073
7112
7121
7128
7148
7158
7163
7164
7172
7174
7175
7176
7191
7214
7215
7254
7257
7264
7286
7291
7306
7307
7311
7312
7316
7325
7330
7336
7347
7368
7404
7414
7415
7422
7429
7449
7457
7460
7475
7481
7516
7518
7535
7538
7562
7573
7578
7586
7587
7596
7600
7602
7605
7607
7608
7611
7613
7614
7616
7617
7631
7642
7644
7648
7659
7671
7675
7684
7702
7708
7718
7726
7728
7731
7736
7740
7741
7748
7749
7759
7793
7807
7809
7815
7819
7824
7832
7836
7846
7852
7854
7870
7873
7894
7900
7932
7933
7934
7942
7943
7945
7970
7971
7975
7986
7992
8004
8015
8024
8033
8058
8074
8093
8099
8102
8122
8143
8149
8151
8159
8161
8163
8192
8204
8213
8215
8220
8244
8245
8287
8313
8323
8324
8336
8353
8354
8361
8386
8388
8398
8446
8448
8454
8467
8475
8485
8489
8492
8493
8515
8518
8519
8532
8536
8542
8553
8555
8590
8597
8600
8607
8613
8628
8644
8654
8656
8662
8663
8668
8670
8673
8674
8683
8708
8713
8718
8722
8727
8757
8769
8785
8800
8801
8804
8844
8857
8871
8896
8897
8920
8921
8929
8934
8938
8956
8961
8971
8972
8990
8998
9014
9019
9020
9029
9033
9060
9070
9092
9110
9118
9133
9139
9146
9152
9158
9168
9178
9196
9205
9207
9229
9231
9254
9256
9266
9270
9274
9307
9313
9314
9340
9341
9344
9345
9347
9351
9356
9360
9365
9403
9404
9438
9444
9469
9472
9478
9490
9504
9522
9523
9527
9537
9558
9559
9571
9582
9597
9599
9611
9613
9625
9626
9644
9648
9650
9657
9663
9666
9683
9686
9690
9692
9696
9714
9722
9742
9743
9751
9811
9813
9815
9818
9831
9835
9836
9841
9845
9859
9874
9890
9898
9900
9906
9907
9928
9934
9935
9951
9964
9973
9979
9980
9986
9994
10008
10024
10030
10042
10046
10058
10060
10072
10078
10101
10104
10109
10116
10141
10155
10159
10163
10167
10190
10192
10199
10204
10216
10245
10247
10259
10262
10263
10276
10304
10312
10343
10344
10359
10368
10374
10379
10382
10384
10410
10425
10432
10433
10439
10467
10476
10477
10487
10491
10505
10515
10518
10527
10531
10540
10546
10570
10579
10609
10611
10613
10619
10637
10651
10657
10658
10660
10662
10677
10690
10693
10697
10699
10710
10719
10724
10737
10743
10757
10794
10802
10809
10814
10818
10827
10860
10868
10870
10908
10929
10932
10934
10956
10979
10984
10993
11011
11024
11033
11035
11060
11085
11111
11115
11122
11125
11132
11134
11140
11148
11164
11170
11174
11187
11190
11211
11215
11220
11240
11244
11258
11268
11278
11281
11294
11353
11356
11363
11365
11368
11371
11380
11382
11387
11406
11424
11425
11426
11430
11432
11445
11462
11490
11494
11498
11501
11534
11538
11542
11579
11587
11605
11607
11618
11629
11642
11654
11655
11661
11674
11682
11689
11690
11703
11724
11752
11754
11756
11759
11769
11772
11773
11780
11781
11784
11811
11813
11816
11819
11830
11836
11851
11860
11864
11878
11917
11923
11925
11935
11938
11957
11972
11973
11987
11994
12002
12011
12023
12027
12029
12032
12048
12049
12065
12070
12072
12090
12107
12116
12118
12138
12148
12151
12159
12167
12176
12179
12190
12214
12222
12238
12241
12251
12255
12264
12267
12274
12294
12303
12310
12313
12318
12325
12333
12352
12357
12367
12374
12375
12389
12390
12400
12408
12415
12430
12431
12434
12435
12444
12455
12466
12481
12485
12490
12526
12528
12529
12530
12550
12562
12572
12576
12586
12598
12605
12607
12613
12625
12633
12638
12639
12665
12672
12681
12683
12738
12740
12742
12746
12752
12759
12765
12766
12782
12796
12803
12808
12826
12849
12863
12878
12889
12913
12924
12932
12944
12946
12951
12958
12960
12971
12972
12999
13004
13007
13020
13032
13044
13049
13055
13062
13065
13085
13086
13087
13091
13103
13106
13115
13117
13141
13149
13153
13161
13165
13176
13184
13195
13208
13210
13238
13253
13256
13264
13267
13293
13298
13303
13322
13324
13335
13346
13367
13375
13380
13398
13399
13401
13411
13426
13431
13441
13467
13476
13479
13498
13500
13501
13503
13506
13514
13518
13527
13533
13536
13538
13555
13567
13572
13580
13590
13603
13607
13617
13625
13651
13658
13661
13668
13675
13678
13731
13744
13748
13749
13757
13761
13773
13783
13795
13819
13823
13825
13827
13843
13846
13849
13853
13862
13867
13890
13903
13927
13933
13934
13957
13958
13988
13989
14006
14017
14019
14027
14038
14039
14060
14078
14079
14082
14089
14096
14109
14110
14119
14122
14134
14137
14139
14167
14169
14170
14176
14181
14186
14204
14241
14248
14257
14258
14260
14265
14266
14288
14296
14312
14325
14326
14330
14358
14377
14386
14400
14401
14430
14439
14446
14457
14459
14460
14466
14477
14505
14506
14516
14521
14540
14544
14566
14578
14591
14594
14601
14623
14635
14642
14654
14659
14667
14669
14673
14690
14697
14701
14707
14708
14732
14752
14755
14759
14767
14780
14786
14788
14804
14810
14830
14833
14845
14846
14847
14849
14859
14872
14876
14895
14903
14911
14928
14933
14938
14942
14943
14951
14957
14958
14997
15019
15022
15037
15047
15052
15071
15087
15100
15101
15105
15106
15110
15113
15116
15123
15127
15138
15139
15149
15150
15171
15194
15210
15215
15222
15234
15249
15254
15280
15304
15306
15308
15317
15319
15328
15341
15343
15346
15351
15352
15357
15361
15367
15371
15382
15385
15400
15402
15434
15444
15460
15468
15469
15501
15519
15530
15538
15548
15554
15555
15572
15581
15588
15594
15596
15621
15626
15648
15654
15691
15703
15711
15722
15725
15731
15752
15759
15765
15772
15787
15805
15816
15824
15831
15838
15845
15846
15850
15866
15874
15875
15876
15892
15893
15913
15923
15932
15933
15942
15943
15946
15950
15959
15974
16009
16027
16032
16036
16042
16055
16063
16072
16076
16090
16091
16093
16102
16151
16155
16157
16184
16198
16204
16221
16238
16248
16251
16257
16258
16262
16275
16289
16291
16296
16313
16320
16321
16325
16326
16334
16335
16344
16345
16347
16353
16365
16371
16385
16390
16392
16394
16396
16399
16402
16403
16417
16434
16443
16449
16460
16462
16482
16502
16505
16506
16513
16525
16541
16546
16576
16582
16586
16590
16594
16609
16615
16625
16636
16643
16669
16671
16680
16701
16702
16715
16727
16735
16750
16752
16753
16763
16766
16767
16782
16789
16800
16801
16803
16809
16831
16835
16836
16846
16863
16873
16909
16916
16920
16921
16923
16930
16931
16934
16940
16944
16945
16946
16956
16967
16983
16990
16999
17001
17004
17008
17014
17024
17036
17052
17060
17072
17076
17080
17082
17102
17111
17112
17119
17120
17129
17136
17181
17192
17205
17211
17223
17233
17274
17277
17293
17296
17311
17317
17326
17331
17334
17350
17355
17372
17395
17405
17412
17413
17421
17436
17438
17474
17476
17485
17488
17490
17510
17514
17531
17536
17549
17555
17570
17571
17574
17577
17597
17605
17607
17615
17632
17633
17638
17648
17663
17687
17696
17701
17708
17717
17719
17722
17724
17734
17735
17754
17756
17773
17781
17785
17800
17823
17839
17857
17869
17871
17881
17884
17889
17895
17898
17902
17911
17915
17918
17926
17937
17943
17946
17950
17956
17974
17979
17989
18032
18045
18050
18051
18053
18072
18073
18117
18130
18134
18149
18152
18158
18168
18173
18177
18190
18196
18214
18216
18221
18232
18236
18251
18256
18259
18271
18273
18277
18286
18296
18327
18335
18347
18352
18362
18374
18380
18381
18398
18401
18404
18421
18423
18441
18443
18448
18449
18450
18454
18467
18475
18478
18505
18511
18515
18519
18534
18546
18557
18559
18572
18573
18577
18583
18591
18596
18597
18598
18610
18616
18626
18634
18650
18654
18656
18663
18680
18703
18710
18715
18720
18723
18755
18764
18790
18797
18826
18827
18869
18881
18897
18899
18908
18932
18947
18959
18971
18983
18996
19021
19035
19046
19049
19050
19062
19064
19079
19089
19092
19100
19113
19116
19135
19139
19157
19169
19185
19199
19210
19211
19245
19247
19258
19259
19277
19279
19295
19297
19319
19320
19328
19330
19345
19353
19361
19379
19382
19388
19398
19421
19426
19436
19448
19460
19472
19481
19482
19483
19508
19516
19518
19525
19545
19553
19555
19569
19573
19589
19611
19621
19624
19631
19637
19638
19640
19652
19663
19686
19688
19692
19693
19699
19705
19706
19718
19742
19759
19762
19767
19774
19776
19806
19812
19822
19830
19832
19869
19870
19882
19890
19891
19916
19936
19943
19959
19964
19979
19987
19989
19999
20034
20042
20049
20086
20088
20091
20116
20123
20126
20137
20146
20156
20162
20164
20197
20199
20203
20216
20227
20231
20238
20244
20245
20248
20256
20271
20284
20291
20333
20337
20339
20348
20353
20365
20383
20391
20412
20422
20423
20433
20439
20445
20456
20468
20469
20478
20487
20493
20503
20504
20507
20511
20542
20551
20554
20558
20581
20584
20591
20625
20632
20647
20652
20653
20654
20663
20665
20666
20682
20688
20720
20732
20733
20741
20759
20776
20778
20795
20806
20817
20819
20825
20826
20855
20866
20876
20882
20895
20901
20904
20907
20948
20949
20960
20962
20966
20984
20989
20992
21004
21005
21019
21030
21035
21050
21054
21056
21094
21096
21118
21125
21126
21134
21142
21147
21148
21162
21170
21175
21178
21186
21195
21196
21235
21238
21244
21258
21265
21279
21284
21289
21295
21296
21306
21311
21319
21320
21321
21322
21326
21327
21329
21347
21348
21383
21390
21392
21399
21408
21409
21422
21424
21427
21431
21459
21477
21485
21535
21544
21551
21559
21564
21568
21584
21615
21621
21623
21654
21664
21679
21695
21706
21708
21724
21738
21741
21745
21748
21751
21764
21768
21775
21779
21788
21800
21804
21809
21813
21823
21827
21837
21856
21864
21866
21882
21896
21901
21909
21912
21921
21922
21931
21935
21937
21950
21995
22002
22015
22018
22028
22032
22046
22081
22089
22093
22097
22099
22102
22105
22114
22121
22124
22126
22144
22146
22149
22155
22161
22165
22170
22171
22175
22179
22193
22194
22214
22227
22233
22244
22253
22254
22282
22285
22288
22293
22328
22340
22345
22366
22394
22406
22414
22419
22438
22449
22453
22460
22477
22503
22504
22508
22511
22516
22522
22532
22543
22557
22584
22590
22591
22598
22599
22602
22620
22621
22637
22643
22645
22655
22657
22659
22678
22690
22709
22715
22716
22722
22744
22749
22781
22783
22796
22801
22820
22822
22830
22831
22848
22879
22885
22894
22896
22907
22916
22934
22942
22945
22947
22953
22956
22972
22986
22991
23009
23014
23023
23026
23053
23078
23084
23085
23090
23093
23114
23118
23127
23130
23176
23184
23200
23209
23227
23238
23240
23256
23262
23264
23271
23278
23285
23301
23303
23328
23329
23330
23352
23353
23360
23375
23383
23404
23443
23444
23453
23473
23482
23483
23485
23493
23538
23549
23552
23563
23579
23590
23591
23606
23609
23615
23631
23636
23643
23655
23656
23659
23688
23695
23704
23720
23726
23731
23738
23739
23741
23744
23749
23771
23773
23792
23800
23802
23815
23820
23842
23848
23862
23863
23866
23869
23873
23879
23880
23887
23891
23896
23897
23919
23927
23935
23956
23973
23974
23978
23986
23995
24029
24066
24073
24082
24103
24110
24117
24123
24135
24137
24156
24167
24193
24198
24233
24236
24248
24262
24294
24302
24319
24338
24347
24366
24380
24383
24400
24404
24412
24415
24446
24452
24462
24467
24476
24477
24478
24500
24509
24510
24512
24518
24522
24525
24526
24529
24532
24540
24553
24554
24564
24567
24611
24647
24655
24670
24688
24693
24703
24739
24745
24748
24794
24799
24805
24806
24815
24816
24826
24830
24845
24848
24849
24855
24861
24862
24867
24891
24895
24897
24902
24911
24930
24941
24950
24954
24956
24980
24996
24999
25001
25006
25021
25027
25028
25039
25040
25048
25061
25066
25071
25074
25077
25087
25099
25117
25145
25164
25168
25176
25179
25186
25210
25219
25231
25236
25239
25242
25247
25265
25270
25285
25295
25302
25318
25322
25331
25334
25335
25357
25361
25381
25382
25384
25385
25389
25395
25398
25406
25415
25417
25430
25436
25457
25460
25467
25494
25508
25516
25518
25529
25534
25538
25540
25541
25542
25543
25544
25551
25559
25565
25574
25583
25602
25610
25613
25620
25625
25627
25642
25643
25669
25672
25673
25683
25686
25688
25698
25719
25731
25737
25745
25756
25785
25804
25809
25822
25825
25826
25834
25844
25852
25854
25856
25871
25880
25885
25893
25897
25917
25934
25950
25965
25966
25969
25972
25989
25997
26001
26028
26038
26053
26062
26068
26072
26075
26077
26080
26095
26107
26108
26152
26158
26168
26169
26187
26195
26197
26199
26209
26215
26218
26253
26255
26258
26276
26280
26301
26304
26307
26316
26318
26321
26322
26329
26330
26338
26361
26362
26380
26396
26407
26412
26421
26425
26430
26442
26479
26483
26513
26527
26551
26574
26579
26594
26599
26600
26608
26611
26615
26658
26661
26670
26675
26691
26697
26699
26711
26718
26745
26754
26789
26791
26797
26799
26814
26824
26828
26830
26851
26853
26863
26874
26893
26896
26898
26902
26907
26918
26919
26921
26925
26930
26954
26972
26976
26992
26994
26998
27009
27026
27032
27033
27043
27050
27056
27062
27063
27066
27095
27097
27117
27125
27135
27161
27167
27174
27180
27184
27194
27195
27208
27211
27222
27246
27249
27255
27261
27268
27276
27293
27310
27317
27324
27332
27347
27350
27354
27362
27363
27366
27369
27382
27387
27394
27397
27401
27404
27425
27429
27438
27449
27451
27459
27462
27496
27498
27514
27518
27520
27527
27538
27589
27592
27595
27598
27601
27642
27643
27680
27683
27709
27721
27727
27732
27751
27754
27755
27764
27769
27786
27791
27798
27805
27810
27812
27817
27819
27826
27833
27839
27846
27847
27855
27875
27880
27896
27900
27907
27910
27914
27919
27920
27924
27928
27929
27933
27948
27976
27977
27979
28000
28001
28002
28009
28025
28044
28064
28069
28084
28093
28098
28111
28130
28137
28143
28177
28184
28213
28216
28223
28231
28233
28236
28242
28251
28260
28263
28269
28280
28282
28292
28297
28306
28307
28309
28311
28317
28339
28347
28348
28365
28373
28381
28397
28404
28414
28416
28417
28419
28437
28463
28514
28565
28580
28586
28589
28591
28592
28611
28614
28615
28622
28623
28628
28646
28650
28654
28656
28657
28660
28670
28671
28682
28684
28692
28699
28705
28714
28716
28736
28744
28753
28757
28769
28788
28817
28836
28841
28865
28878
28882
28883
28889
28893
28906
28914
28923
28955
28998
29011
29042
29053
29057
29081
29084
29092
29095
29105
29115
29133
29165
29197
29199
29218
29238
29245
29246
29263
29267
29272
29276
29280
29285
29302
29311
29313
29317
29318
29326
29327
29331
29341
29343
29347
29351
29352
29366
29367
29371
29374
29380
29387
29394
29409
29416
29420
29427
29430
29431
29435
29457
29460
29462
29481
29492
29506
29509
29524
29526
29545
29547
29560
29562
29563
29564
29573
29598
29600
29612
29616
29632
29637
29638
29639
29653
29656
29657
29664
29668
29669
29701
29725
29737
29740
29743
29744
29752
29753
29763
29764
29781
29784
29790
29791
29797
29817
29820
29824
29827
29829
29832
29834
29842
29849
29863
29870
29872
29873
29893
29903
29908
29919
29923
29928
29931
29937
29938
29948
29968
29983
29986
29992
30009
30018
30020
30022
30029
30033
30050
30087
30094
30103
30110
30121
30126
30131
30151
30160
30165
30170
30178
30203
30222
30224
30230
30241
30265
30282
30294
30297
30308
30330
30344
30352
30361
30369
30374
30378
30389
30390
30395
30408
30409
30416
30434
30458
30460
30463
30467
30478
30489
30502
30504
30508
30512
30533
30539
30572
30574
30623
30625
30636
30641
30646
30649
30685
30686
30689
30697
30702
30703
30713
30727
30728
30744
30748
30754
30766
30767
30774
30777
30782
30798
30827
30851
30860
30878
30880
30883
30910
30935
30949
30956
30967
30982
30987
30991
31002
31004
31016
31030
31057
31101
31117
31136
31150
31153
31154
31161
31168
31175
31184
31192
31196
31198
31228
31242
31243
31247
31250
31253
31269
31271
31286
31291
31299
31303
31308
31315
31324
31325
31331
31332
31335
31348
31356
31358
31362
31375
31379
31400
31416
31417
31429
31430
31432
31440
31444
31449
31460
31469
31475
31477
31479
31485
31499
31500
31506
31526
31548
31563
31566
31579
31586
31593
31596
31603
31605
31609
31610
31630
31640
31646
31647
31657
31675
31685
31695
31698
31716
31718
31722
31734
31749
31752
31753
31772
31778
31780
31799
31802
31823
31828
31841
31849
31855
31861
31869
31871
31872
31879
31888
31900
31908
31912
31928
31932
31935
31936
31937
31962
31967
32002
32015
32022
32027
32056
32061
32079
32096
32106
32129
32131
32151
32155
32184
32191
32205
32209
32211
32215
32219
32228
32251
32253
32266
32283
32290
32291
32302
32306
32312
32320
32325
32346
32394
32395
32405
32409
32414
32428
32477
32516
32527
32534
32545
32559
32560
32564
32582
32593
32616
32630
32635
32653
32691
32692
32695
32703
32716
32719
32727
32732
32733
32734
32763
32770
32785
32789
32792
32803
32817
32821
32822
32842
32851
32852
32861
32866
32895
32909
32944
32950
32952
32968
32971
32972
32990
32994
32997
33005
33023
33033
33037
33056
33084
33089
33092
33119
33133
33137
33145
33147
33163
33174
33179
33194
33205
33208
33214
33218
33229
33232
33235
33240
33243
33257
33264
33275
33282
33296
33301
33305
33308
33320
33325
33381
33391
33392
33406
33423
33426
33441
33443
33459
33460
33461
33481
33484
33488
33492
33494
33504
33518
33519
33538
33551
33559
33560
33591
33607
33628
33631
33636
33652
33668
33672
33673
33674
33701
33707
33708
33755
33759
33766
33768
33788
33790
33813
33815
33818
33821
33854
33881
33887
33895
33900
33901
33913
33934
33957
33963
33973
33981
33989
33996
34002
34009
34012
34020
34042
34076
34077
34097
34100
34114
34117
34128
34134
34140
34142
34151
34156
34166
34168
34178
34179
34182
34202
34204
34223
34235
34237
34275
34281
34286
34292
34295
34328
34329
34331
34336
34339
34342
34348
34359
34388
34416
34421
34438
34442
34443
34456
34475
34480
34498
34511
34515
34537
34543
34549
34578
34583
34604
34607
34620
34626
34628
34637
34646
34660
34678
34682
34689
34705
34719
34732
34741
34748
34753
34760
34768
34769
34772
34777
34811
34819
34826
34843
34851
34859
34880
34889
34891
34894
34909
34912
34925
34932
34939
34941
34951
34967
34969
34971
34977
34978
34980
34982
35010
35019
35037
35040
35064
35073
35086
35093
35110
35121
35140
35151
35159
35175
35176
35185
35196
35200
35202
35207
35234
35249
35250
35256
35259
35275
35278
35293
35326
35335
35350
35352
35358
35416
35419
35456
35476
35482
35511
35514
35516
35520
35521
35534
35537
35549
35561
35571
35582
35594
35595
35610
35629
35635
35650
35656
35662
35678
35683
35688
35698
35705
35709
35710
35714
35720
35734
35742
35756
35777
35781
35792
35817
35820
35821
35827
35831
35832
35835
35844
35847
35852
35853
35865
35879
35895
35899
35911
35922
35941
35959
35973
35974
35986
35997
36001
36003
36011
36012
36014
36020
36037
36045
36046
36049
36056
36062
36067
36075
36081
36083
36096
36102
36126
36151
36164
36167
36175
36181
36193
36213
36215
36221
36223
36227
36232
36233
36246
36256
36266
36279
36281
36294
36314
36315
36321
36326
36332
36348
36362
36366
36390
36395
36405
36413
36414
36419
36421
36432
36468
36476
36495
36496
36499
36504
36507
36508
36515
36518
36526
36534
36556
36562
36565
36567
36570
36582
36584
36592
36608
36618
36619
36629
36642
36649
36651
36661
36663
36664
36667
36677
36678
36687
36689
36701
36711
36713
36716
36717
36721
36723
36735
36749
36776
36779
36780
36782
36789
36795
36806
36825
36828
36848
36851
36858
36878
36880
36886
36893
36894
36905
36929
36938
36939
36947
36952
36953
36962
36972
36982
36994
37005
37023
37028
37040
37046
37051
37053
37058
37069
37079
37090
37092
37124
37128
37137
37142
37146
37147
37152
37155
37158
37171
37174
37175
37196
37202
37215
37229
37240
37244
37278
37288
37291
37299
37312
37319
37335
37356
37373
37381
37382
37386
37387
37392
37397
37409
37411
37463
37469
37472
37493
37495
37502
37509
37510
37512
37513
37514
37515
37524
37526
37529
37530
37541
37559
37595
37596
37601
37612
37614
37618
37620
37627
37641
37644
37647
37667
37671
37693
37694
37710
37713
37714
37751
37777
37788
37797
37803
37804
37806
37815
37824
37841
37844
37852
37857
37863
37886
37888
37898
37920
37936
37941
37942
37985
38001
38003
38009
38012
38013
38023
38037
38045
38046
38050
38057
38070
38073
38081
38097
38108
38118
38120
38124
38135
38151
38158
38180
38181
38207
38213
38227
38229
38285
38289
38302
38310
38327
38328
38342
38344
38348
38352
38357
38365
38366
38377
38388
38389
38400
38421
38427
38438
38448
38455
38482
38492
38493
38495
38532
38541
38564
38568
38571
38590
38598
38599
38617
38622
38632
38634
38636
38638
38648
38653
38682
38692
38698
38700
38724
38727
38728
38730
38739
38742
38752
38753
38759
38764
38765
38768
38783
38784
38787
38789
38799
38808
38824
38845
38849
38856
38870
38874
38876
38882
38893
38935
38936
38937
38939
38958
38961
38962
38974
38981
38998
38999
39000
39022
39029
39048
39052
39058
39060
39077
39080
39096
39117
39126
39127
39134
39137
39139
39140
39143
39152
39166
39174
39203
39217
39227
39234
39251
39283
39288
39301
39315
39319
39323
39344
39348
39354
39362
39378
39389
39393
39395
39419
39421
39438
39439
39458
39462
39485
39486
39496
39510
39513
39516
39520
39527
39536
39546
39555
39556
39562
39564
39575
39588
39592
39594
39611
39614
39618
39619
39626
39647
39653
39654
39657
39661
39668
39677
39693
39712
39720
39728
39733
39747
39749
39756
39788
39793
39794
39808
39810
39855
39856
39873
39883
39888
39893
39927
39956
39961
39962
39977
39979
39988
39990
39992
39995
40038
40049
40052
40064
40074
40075
40077
40079
40092
40100
40101
40104
40108
40115
40130
40132
40133
40134
40136
40181
40182
40216
40230
40236
40240
40254
40269
40281
40298
40299
40312
40314
40323
40324
40331
40332
40338
40354
40366
40375
40397
40408
40423
40426
40439
40459
40469
40474
40479
40485
40487
40498
40499
40500
40502
40516
40529
40530
40533
40538
40545
40556
40565
40568
40571
40573
40600
40605
40607
40610
40615
40661
40670
40677
40682
40684
40685
40690
40700
40712
40713
40717
40722
40731
40738
40742
40743
40747
40749
40760
40765
40779
40784
40793
40819
40842
40853
40855
40865
40870
40880
40883
40884
40898
40913
40931
40932
40933
40940
40952
40985
40987
40995
41013
41016
41020
41028
41038
41059
41084
41087
41091
41100
41103
41108
41112
41119
41144
41154
41163
41172
41173
41176
41182
41185
41187
41191
41195
41197
41203
41211
41220
41234
41245
41260
41263
41269
41270
41275
41276
41284
41289
41310
41312
41314
41339
41341
41356
41364
41374
41380
41398
41403
41405
41409
41410
41423
41466
41490
41492
41499
41532
41539
41542
41562
41581
41600
41632
41636
41652
41677
41678
41683
41702
41728
41733
41756
41762
41765
41778
41792
41799
41826
41833
41849
41870
41875
41879
41886
41889
41898
41906
41911
41928
41929
41934
41954
41962
41963
42015
42019
42028
42030
42034
42042
42046
42054
42059
42080
42083
42092
42106
42107
42132
42142
42143
42149
42153
42160
42161
42177
42190
42197
42200
42207
42210
42213
42235
42236
42240
42289
42306
42312
42325
42340
42347
42361
42368
42394
42403
42421
42433
42439
42440
42446
42448
42452
42459
42467
42479
42484
42502
42503
42530
42536
42560
42568
42577
42583
42600
42604
42644
42657
42667
42686
42707
42714
42716
42721
42725
42726
42732
42742
42745
42755
42775
42779
42788
42789
42792
42795
42797
42808
42815
42851
42862
42866
42881
42913
42917
42918
42925
42950
42951
42954
42959
42970
42974
42983
42985
43040
43041
43058
43059
43060
43065
43071
43078
43080
43081
43093
43099
43103
43130
43132
43137
43143
43149
43150
43151
43159
43164
43178
43179
43197
43208
43209
43216
43230
43238
43263
43275
43277
43281
43295
43304
43309
43322
43325
43336
43341
43345
43348
43358
43373
43377
43378
43390
43401
43405
43411
43414
43415
43418
43444
43451
43462
43467
43470
43487
43488
43510
43511
43522
43533
43536
43540
43544
43550
43552
43556
43560
43573
43584
43588
43593
43594
43597
43617
43618
43631
43667
43669
43676
43681
43682
43686
43688
43694
43701
43702
43713
43720
43721
43732
43743
43751
43762
43764
43782
43800
43805
43808
43812
43827
43833
43866
43870
43888
43899
43908
43913
43914
43917
43918
43925
43958
43963
43967
43979
43994
44000
44003
44060
44063
44071
44077
44088
44107
44128
44148
44156
44165
44176
44181
44192
44197
44215
44223
44247
44253
44254
44265
44274
44283
44294
44297
44300
44302
44304
44305
44324
44329
44340
44342
44379
44381
44383
44385
44404
44408
44409
44424
44434
44437
44448
44455
44468
44487
44491
44492
44507
44521
44531
44542
44548
44562
44593
44599
44603
44615
44628
44629
44638
44644
44646
44668
44671
44682
44700
44705
44718
44720
44722
44735
44737
44741
44764
44781
44786
44794
44804
44829
44830
44843
44850
44862
44866
44868
44870
44871
44872
44882
44883
44898
44899
44911
44918
44941
44956
44966
44983
45009
45012
45023
45026
45030
45035
45038
45049
45079
45081
45086
45094
45095
45111
45114
45122
45124
45128
45149
45175
45180
45181
45186
45208
45214
45230
45239
45242
45250
45258
45260
45263
45279
45290
45294
45303
45305
45309
45322
45327
45360
45363
45366
45367
45373
45377
45383
45396
45413
45429
45431
45438
45439
45446
45449
45463
45485
45492
45495
45506
45517
45519
45548
45555
45556
45558
45575
45576
45591
45597
45605
45638
45643
45666
45685
45693
45705
45722
45724
45744
45775
45777
45810
45824
45828
45832
45837
45884
45894
45896
45900
45909
45913
45916
45928
45929
45933
45954
45959
45962
45964
45968
45975
45983
45986
46008
46017
46040
46041
46071
46102
46117
46129
46131
46133
46135
46139
46140
46145
46148
46154
46156
46165
46170
46173
46188
46197
46207
46222
46251
46257
46263
46286
46289
46292
46305
46306
46313
46333
46341
46349
46355
46371
46377
46380
46388
46396
46400
46409
46426
46432
46438
46440
46452
46459
46469
46482
46494
46506
46515
46535
46537
46546
46573
46579
46582
46583
46587
46588
46593
46595
46617
46623
46624
46626
46630
46635
46657
46658
46668
46676
46681
46683
46709
46714
46715
46731
46732
46737
46761
46765
46774
46781
46804
46811
46818
46833
46835
46846
46859
46868
46902
46905
46916
46930
46937
46956
46957
46963
46978
46996
47009
47027
47039
47049
47061
47075
47078
47093
47120
47127
47142
47155
47157
47211
47236
47260
47292
47299
47339
47377
47410
47443
47453
47483
47489
47497
47503
47504
47517
47522
47533
47536
47538
47554
47571
47572
47586
47587
47590
47622
47634
47640
47667
47671
47681
47683
47685
47700
47703
47717
47718
47727
47732
47745
47768
47784
47792
47800
47804
47818
47834
47845
47847
47853
47854
47871
47877
47879
47886
47930
47938
47943
47947
47965
47966
47969
47971
47977
47982
47992
48000
48006
48008
48030
48070
48073
48097
48099
48108
48140
48148
48155
48166
48167
48171
48174
48195
48201
48230
48249
48256
48257
48289
48296
48308
48332
48337
48343
48376
48383
48384
48404
48409
48414
48418
48422
48440
48444
48449
48462
48466
48473
48477
48493
48501
48534
48535
48538
48579
48584
48589
48590
48606
48613
48619
48634
48641
48647
48675
48681
48683
48691
48713
48724
48725
48743
48762
48772
48779
48780
48793
48806
48815
48823
48850
48892
48911
48913
48918
48934
48940
48943
48945
48955
48968
48972
48982
48983
48989
48999
49006
49022
49028
49030
49059
49061
49062
49071
49080
49084
49095
49096
49097
49099
49105
49106
49109
49119
49120
49122
49123
49131
49132
49148
49166
49186
49190
49194
49196
49197
49207
49215
49237
49242
49243
49245
49248
49259
49263
49279
49280
49299
49310
49316
49345
49362
49373
49378
49394
49395
49402
49404
49408
49415
49421
49422
49426
49428
49430
49433
49446
49452
49454
49458
49466
49467
49472
49473
49478
49481
49498
49506
49525
49550
49556
49560
49563
49592
49603
49622
49625
49642
49646
49660
49663
49667
49674
49678
49697
49699
49701
49749
49761
49786
49800
49802
49803
49872
49875
49878
49879
49886
49890
49901
49923
49933
49934
49965
49967
49973
49985
49993
50005
50009
50032
50033
50037
50040
50043
50046
50069
50108
50113
50115
50117
50124
50128
50144
50158
50168
50171
50175
50177
50180
50181
50183
50200
50203
50205
50225
50228
50259
50276
50284
50298
50300
50314
50321
50343
50352
50356
50380
50383
50402
50422
50438
50443
50448
50449
50473
50474
50478
50502
50513
50519
50525
50527
50537
50541
50546
50549
50556
50562
50586
50590
50605
50608
50621
50623
50625
50626
50630
50644
50645
50646
50673
50701
50709
50716
50729
50736
50740
50741
50748
50751
50755
50764
50790
50792
50799
50800
50803
50804
50806
50817
50849
50860
50870
50897
50903
50909
50914
50928
50930
50935
50943
50967
50969
50983
50985
50989
50998
51039
51041
51044
51047
51050
51059
51064
51065
51072
51099
51107
51119
51128
51145
51175
51176
51177
51185
51197
51209
51218
51224
51244
51251
51270
51283
51289
51291
51294
51306
51322
51326
51327
51328
51333
51343
51365
51376
51386
51388
51394
51396
51397
51407
51416
51417
51420
51421
51422
51460
51495
51501
51502
51509
51530
51531
51539
51543
51551
51556
51565
51566
51567
51570
51573
51574
51575
51584
51597
51599
51602
51612
51615
51622
51624
51634
51661
51666
51667
51670
51672
51686
51691
51706
51721
51724
51737
51740
51741
51747
51753
51754
51788
51797
51801
51814
51824
51832
51880
51886
51889
51890
51904
51935
51945
51955
51959
51969
51985
51997
51999
52000
52010
52014
52030
52052
52055
52074
52076
52078
52091
52097
52101
52111
52113
52115
52118
52122
52140
52147
52150
52155
52163
52164
52173
52183
52184
52187
52198
52200
52209
52233
52234
52238
52260
52262
52275
52282
52284
52308
52314
52326
52363
52387
52409
52422
52432
52439
52440
52447
52449
52468
52479
52480
52483
52484
52496
52503
52545
52549
52560
52561
52580
52602
52603
52604
52606
52615
52625
52640
52665
52669
52670
52690
52691
52713
52717
52726
52731
52740
52747
52758
52769
52780
52785
52800
52806
52807
52817
52841
52871
52876
52877
52885
52890
52897
52898
52908
52913
52915
52929
52937
52952
52957
52964
52965
52973
52978
52987
53004
53011
53013
53028
53031
53037
53039
53050
53069
53072
53080
53085
53115
53131
53141
53159
53164
53169
53170
53171
53174
53175
53183
53185
53209
53226
53250
53256
53258
53264
53268
53312
53346
53355
53361
53363
53383
53386
53401
53413
53423
53428
53442
53443
53445
53448
53451
53455
53461
53479
53493
53507
53513
53519
53535
53571
53599
53606
53613
53626
53628
53652
53664
53687
53713
53727
53735
53738
53751
53756
53757
53773
53779
53791
53806
53814
53818
53821
53822
53828
53833
53835
53839
53846
53887
53896
53910
53932
53936
53937
53941
53947
53948
53982
53990
53992
54007
54015
54027
54033
54037
54062
54065
54086
54095
54106
54112
54113
54119
54127
54131
54155
54161
54163
54165
54167
54168
54175
54178
54181
54188
54192
54203
54215
54216
54234
54244
54256
54258
54270
54273
54279
54286
54288
54289
54291
54309
54313
54316
54321
54332
54365
54388
54405
54415
54449
54452
54461
54467
54469
54475
54479
54481
54512
54518
54536
54537
54539
54549
54550
54554
54557
54559
54573
54588
54625
54635
54650
54660
54662
54669
54671
54678
54681
54686
54694
54701
54720
54745
54746
54753
54772
54778
54781
54791
54816
54821
54833
54840
54860
54867
54894
54904
54907
54914
54917
54932
54960
54977
54995
55002
55005
55011
55013
55020
55032
55034
55038
55052
55058
55064
55092
55098
55109
55120
55121
55124
55126
55140
55183
55189
55191
55197
55203
55213
55214
55222
55224
55228
55239
55251
55252
55258
55267
55268
55273
55279
55280
55286
55289
55294
55322
55324
55327
55339
55342
55366
55376
55378
55381
55389
55393
55415
55426
55434
55440
55444
55452
55461
55470
55483
55517
55522
55527
55529
55541
55542
55545
55546
55552
55556
55568
55596
55610
55617
55620
55628
55633
55635
55639
55655
55663
55688
55692
55725
55759
55761
55763
55776
55782
55785
55786
55797
55805
55808
55855
55865
55866
55870
55871
55875
55894
55896
55918
55919
55930
55940
55945
55948
55962
55963
55969
55990
55992
56000
56022
56030
56033
56043
56050
56060
56065
56067
56074
56088
56104
56107
56115
56118
56126
56128
56139
56145
56159
56161
56162
56168
56170
56174
56176
56181
56186
56189
56214
56233
56236
56260
56270
56272
56277
56280
56287
56291
56299
56301
56336
56338
56341
56349
56356
56364
56383
56386
56400
56403
56410
56415
56439
56457
56459
56468
56488
56493
56495
56513
56520
56528
56539
56560
56569
56589
56604
56619
56624
56628
56629
56631
56632
56646
56660
56670
56677
56697
56699
56715
56716
56718
56746
56765
56768
56777
56796
56833
56834
56835
56837
56839
56840
56849
56872
56878
56890
56891
56893
56914
56925
56929
56930
56938
56955
56979
56993
57001
57002
57010
57019
57021
57023
57029
57030
57031
57052
57054
57062
57074
57085
57121
57122
57142
57149
57162
57195
57212
57239
57256
57257
57271
57300
57324
57333
57345
57378
57379
57389
57429
57432
57434
57443
57462
57480
57482
57489
57514
57519
57525
57536
57550
57551
57566
57571
57588
57589
57597
57598
57600
57606
57610
57624
57649
57665
57669
57673
57677
57695
57701
57703
57710
57722
57729
57734
57735
57750
57785
57787
57798
57801
57809
57810
57830
57835
57839
57847
57851
57852
57861
57868
57872
57874
57917
57926
57937
57947
57951
57957
57962
57968
57978
57996
58002
58022
58037
58040
58049
58052
58053
58074
58078
58085
58097
58105
58113
58116
58126
58143
58160
58163
58177
58183
58193
58208
58226
58239
58247
58249
58255
58263
58272
58285
58287
58290
58314
58315
58329
58344
58348
58350
58351
58381
58385
58391
58398
58411
58413
58417
58429
58430
58435
58437
58441
58451
58474
58480
58482
58483
58498
58500
58512
58518
58522
58523
58540
58554
58567
58577
58581
58588
58599
58605
58607
58619
58628
58635
58636
58652
58671
58673
58678
58695
58722
58723
58728
58729
58733
58760
58763
58772
58775
58779
58780
58781
58785
58791
58804
58811
58821
58822
58824
58831
58833
58840
58846
58848
58874
58876
58887
58889
58895
58921
58923
58937
58946
58984
58988
58990
58999
59002
59030
59045
59049
59068
59069
59073
59079
59080
59087
59090
59093
59104
59108
59118
59140
59143
59151
59157
59161
59165
59169
59177
59182
59203
59206
59209
59213
59214
59223
59225
59227
59239
59243
59254
59260
59265
59275
59282
59283
59286
59291
59293
59305
59312
59313
59321
59328
59337
59341
59351
59356
59364
59367
59376
59384
59385
59393
59407
59422
59423
59441
59449
59461
59496
59511
59512
59513
59548
59560
59580
59582
59651
59677
59692
59702
59707
59733
59734
59735
59761
59766
59789
59793
59801
59803
59812
59813
59826
59830
59831
59843
59850
59870
59873
59892
59896
59899
59907
59912
59952
59961
59966
59968
59975
59980
59983
59991
60000
60001
60004
60005
60030
60047
60061
60072
60095
60121
60124
60128
60131
60132
60133
60156
60175
60181
60185
60190
60207
60232
60233
60239
60242
60245
60249
60252
60265
60271
60278
60301
60305
60316
60322
60330
60333
60337
60343
60347
60349
60350
60355
60363
60377
60383
60384
60385
60393
60395
60405
60417
60420
60425
60427
60435
60472
60486
60488
60498
60510
60531
60535
60538
60544
60563
60571
60586
60587
60597
60604
60612
60642
60647
60648
60662
60671
60694
60700
60718
60721
60750
60759
60770
60805
60806
60820
60823
60830
60836
60837
60841
60842
60853
60865
60875
60883
60895
60903
60907
60912
60914
60924
60925
60928
60945
60953
60959
60965
60968
60971
61003
61015
61016
61026
61033
61038
61065
61078
61079
61084
61089
61110
61130
61152
61171
61175
61182
61195
61241
61249
61251
61264
61305
61309
61325
61328
61331
61389
61391
61399
61400
61401
61420
61429
61431
61442
61451
61452
61457
61458
61465
61474
61482
61515
61516
61517
61534
61538
61551
61556
61580
61581
61583
61584
61586
61599
61629
61633
61634
61635
61646
61654
61668
61680
61690
61694
61697
61709
61723
61749
61768
61777
61778
61783
61784
61791
61793
61811
61836
61849
61878
61898
61912
61915
61918
61924
61927
61941
61982
62008
62009
62011
62014
62034
62037
62038
62043
62044
62052
62059
62086
62097
62098
62139
62152
62153
62159
62160
62167
62172
62178
62185
62190
62194
62196
62216
62235
62259
62267
62275
62278
62280
62293
62300
62318
62327
62333
62334
62340
62344
62349
62357
62358
62360
62369
62370
62384
62392
62410
62463
62476
62496
62502
62503
62507
62510
62530
62531
62532
62535
62536
62548
62559
62571
62579
62599
62602
62606
62621
62624
62625
62627
62633
62652
62653
62666
62667
62680
62685
62691
62692
62740
62744
62768
62781
62785
62788
62794
62797
62807
62823
62827
62831
62864
62877
62878
62889
62905
62909
62914
62922
62931
62933
62937
62941
62946
62956
62967
62971
62994
63021
63026
63051
63059
63070
63073
63074
63077
63078
63105
63108
63127
63138
63156
63162
63178
63196
63197
63200
63205
63215
63216
63218
63219
63230
63234
63252
63261
63265
63267
63278
63283
63294
63295
63300
63306
63316
63319
63321
63327
63332
63335
63340
63347
63351
63354
63362
63365
63368
63389
63391
63394
63396
63435
63445
63447
63459
63466
63473
63477
63513
63532
63534
63544
63553
63555
63557
63560
63567
63573
63574
63579
63599
63605
63610
63620
63624
63628
63647
63660
63661
63666
63668
63672
63673
63676
63684
63691
63697
63700
63707
63719
63724
63726
63729
63740
63742
63757
63769
63779
63782
63797
63810
63816
63825
63837
63844
63865
63867
63868
63881
63883
63904
63930
63935
63941
63942
63984
64010
64043
64061
64065
64066
64076
64082
64086
64088
64090
64091
64126
64129
64134
64150
64154
64156
64164
64176
64178
64191
64193
64206
64207
64215
64218
64242
64250
64254
64261
64271
64278
64304
64307
64320
64322
64350
64355
64356
64365
64368
64376
64392
64397
64408
64418
64422
64443
64447
64451
64466
64479
64483
64488
64498
64499
64517
64530
64540
64543
64549
64577
64581
64623
64632
64678
64690
64695
64705
64712
64716
64742
64748
64750
64754
64761
64829
64830
64846
64848
64849
64860
64875
64891
64896
64900
64913
64917
64925
64928
64937
64939
64943
64946
64947
64952
64962
64989
64992
65005
65008
65028
65035
65047
65063
65087
65096
65103
65109
65112
65113
65117
65125
65133
65146
65148
65162
65176
65200
65233
65258
65260
65266
65267
65276
65277
65284
65296
65300
65318
65367
65368
65370
65379
65387
65407
65410
65417
65420
65428
65436
65440
65454
65456
65464
65465
65466
65471
65477
65481
65497
65501
65511
65523
65524
65526
65532
65536
65548
65552
65553
65565
65573
65593
65598
65606
65618
65619
65620
65621
65626
65627
65636
65656
65659
65666
65683
65685
65687
65691
65697
65698
65711
65716
65721
65729
65747
65751
65760
65779
65814
65815
65829
65833
65859
65890
65922
65925
65939
65940
65977
65987
66000
66026
66029
66034
66052
66104
66109
66116
66144
66163
66164
66165
66180
66182
66193
66197
66199
66207
66213
66224
66228
66232
66243
66268
66277
66279
66284
66287
66301
66303
66322
66330
66336
66339
66357
66365
66368
66375
66376
66381
66389
66391
66394
66405
66412
66418
66421
66424
66433
66450
66451
66457
66459
66474
66493
66498
66508
66517
66530
66538
66556
66561
66569
66573
66575
66577
66584
66592
66606
66631
66655
66661
66662
66693
66700
66705
66718
66722
66740
66741
66754
66766
66770
66794
66797
66798
66810
66850
66875
66892
66898
66900
66901
66910
66913
66925
66933
66940
66943
66947
66954
66963
66965
66966
66969
66972
66992
66998
67004
67018
67027
67060
67081
67083
67087
67089
67098
67109
67114
67122
67130
67135
67139
67162
67165
67166
67211
67212
67214
67248
67255
67260
67264
67267
67277
67281
67288
67291
67298
67310
67314
67345
67353
67364
67380
67382
67390
67405
67413
67423
67424
67432
67435
67439
67441
67444
67446
67453
67458
67466
67468
67479
67487
67490
67507
67514
67519
67524
67527
67528
67530
67544
67545
67551
67553
67558
67577
67578
67588
67604
67613
67625
67630
67646
67649
67670
67686
67688
67691
67694
67696
67703
67704
67714
67718
67727
67734
67735
67741
67743
67745
67756
67758
67780
67782
67783
67787
67794
67795
67802
67817
67826
67837
67839
67851
67869
67879
67880
67889
67907
67922
67940
67946
67948
67957
67965
67966
67971
67975
67978
67985
67989
68003
68005
68008
68024
68041
68051
68061
68071
68079
68080
68085
68088
68091
68094
68105
68136
68150
68158
68159
68163
68166
68168
68177
68186
68191
68193
68195
68208
68212
68219
68221
68236
68238
68248
68256
68261
68288
68293
68305
68307
68351
68363
68376
68378
68382
68384
68385
68403
68412
68422
68427
68434
68441
68456
68466
68470
68486
68490
68513
68519
68534
68548
68561
68563
68566
68569
68581
68592
68604
68611
68623
68627
68631
68633
68635
68638
68644
68652
68655
68666
68675
68680
68685
68687
68690
68695
68696
68703
68704
68707
68724
68731
68738
68748
68754
68757
68760
68766
68771
68786
68796
68805
68810
68816
68819
68871
68881
68883
68887
68894
68902
68909
68914
68915
68918
68926
68938
68952
68977
68990
69032
69033
69040
69041
69046
69051
69059
69067
69087
69088
69095
69099
69123
69126
69134
69143
69146
69148
69153
69154
69162
69164
69167
69170
69180
69183
69196
69212
69224
69227
69230
69258
69265
69266
69270
69288
69292
69297
69301
69306
69311
69312
69329
69330
69343
69347
69355
69362
69366
69387
69391
69393
69395
69397
69419
69424
69428
69435
69451
69454
69455
69459
69462
69473
69494
69496
69508
69510
69512
69549
69570
69588
69601
69606
69613
69617
69630
69635
69652
69653
69658
69667
69670
69674
69705
69718
69747
69750
69758
69760
69763
69769
69772
69814
69817
69824
69827
69828
69830
69831
69842
69854
69871
69883
69890
69908
69914
69924
69930
69932
69938
69943
69949
69962
69967
69981
69996
70004
70010
70018
70022
70024
70028
70050
70062
70071
70074
70093
70117
70118
70138
70139
70140
70152
70159
70177
70181
70185
70187
70201
70216
70230
70236
70238
70239
70254
70265
70266
70280
70281
70285
70286
70290
70307
70310
70316
70317
70326
70348
70357
70363
70385
70426
70436
70438
70452
70464
70468
70473
70495
70504
70515
70524
70526
70541
70543
70567
70570
70571
70576
70599
70628
70630
70631
70632
70634
70638
70648
70649
70661
70671
70675
70677
70683
70709
70726
70729
70734
70745
70747
70769
70776
70794
70795
70797
70804
70810
70814
70816
70827
70839
70849
70853
70861
70865
70888
70896
70899
70905
70907
70930
70931
70939
70949
70955
70968
70974
70979
70985
70995
71002
71006
71012
71013
71015
71017
71024
71026
71030
71038
71040
71041
71042
71060
71073
71084
71098
71124
71126
71128
71132
71142
71150
71163
71164
71172
71175
71177
71182
71185
71193
71197
71211
71219
71222
71235
71248
71260
71305
71336
71365
71401
71405
71411
71415
71419
71421
71431
71435
71444
71450
71456
71462
71464
71470
71476
71479
71487
71496
71497
71503
71505
71510
71523
71538
71539
71543
71600
71604
71609
71646
71652
71680
71689
71695
71697
71701
71703
71729
71733
71741
71747
71748
71761
71771
71782
71792
71793
71799
71830
71832
71836
71858
71867
71871
71899
71906
71916
71918
71928
71931
71941
71942
71943
71963
71971
71989
71992
71994
72002
72020
72022
72033
72041
72048
72059
72060
72073
72089
72096
72102
72105
72114
72120
72135
72147
72151
72155
72163
72173
72178
72181
72196
72215
72219
72227
72235
72237
72248
72255
72256
72260
72264
72266
72280
72283
72291
72293
72297
72310
72329
72332
72338
72339
72341
72345
72347
72356
72363
72366
72371
72374
72376
72379
72411
72413
72414
72417
72447
72458
72469
72476
72493
72500
72501
72521
72524
72525
72543
72548
72550
72551
72564
72578
72595
72604
72612
72613
72638
72645
72648
72650
72655
72658
72659
72667
72673
72680
72681
72697
72715
72718
72723
72731
72744
72756
72762
72767
72775
72791
72797
72815
72826
72841
72843
72864
72865
72887
72912
72917
72922
72926
72934
72944
72963
72965
72974
72981
72982
72991
72996
73013
73030
73038
73041
73053
73068
73077
73087
73091
73100
73112
73130
73134
73138
73143
73155
73156
73161
73169
73179
73184
73190
73203
73212
73221
73225
73263
73275
73278
73298
73317
73332
73338
73344
73361
73376
73380
73386
73390
73435
73436
73438
73440
73445
73465
73467
73474
73479
73491
73499
73502
73513
73516
73518
73535
73549
73558
73566
73573
73575
73608
73627
73629
73641
73651
73652
73657
73660
73664
73671
73675
73687
73700
73705
73709
73710
73712
73732
73754
73761
73765
73797
73798
73812
73820
73828
73839
73842
73854
73884
73895
73903
73910
73912
73921
73924
73948
73954
73962
73971
73972
73973
73976
73980
73992
74008
74064
74074
74076
74103
74106
74114
74151
74155
74167
74179
74185
74198
74200
74203
74207
74214
74221
74249
74256
74263
74312
74319
74327
74332
74344
74350
74356
74362
74366
74370
74390
74409
74411
74415
74427
74438
74442
74449
74465
74478
74486
74507
74511
74512
74514
74526
74542
74552
74573
74586
74590
74593
74598
74601
74602
74610
74620
74628
74633
74637
74646
74649
74659
74662
74663
74668
74671
74672
74674
74684
74692
74698
74702
74709
74728
74753
74759
74772
74775
74783
74784
74787
74800
74807
74813
74814
74817
74821
74832
74852
74854
74856
74858
74861
74867
74872
74889
74890
74892
74901
74903
74918
74923
74930
74962
74970
74974
74979
74984
75004
75015
75017
75024
75028
75034
75036
75040
75049
75056
75059
75066
75072
75078
75081
75082
75090
75094
75096
75111
75124
75129
75136
75139
75142
75145
75148
75153
75159
75165
75166
75178
75186
75187
75188
75195
75203
75208
75222
75226
75233
75234
75240
75243
75265
75268
75299
75309
75311
75314
75316
75321
75325
75345
75346
75355
75364
75367
75375
75386
75413
75428
75431
75440
75445
75471
75481
75487
75497
75499
75504
75512
75519
75527
75531
75551
75561
75582
75588
75600
75602
75614
75616
75633
75635
75636
75649
75661
75665
75666
75668
75683
75690
75692
75698
75703
75705
75707
75718
75724
75749
75755
75759
75763
75772
75789
75795
75799
75803
75805
75835
75836
75838
75852
75872
75874
75877
75889
75911
75926
75930
75932
75934
75935
75937
75942
75944
75954
75978
75988
76005
76008
76012
76032
76043
76048
76070
76072
76101
76118
76123
76150
76161
76168
76171
76174
76191
76197
76202
76220
76222
76224
76226
76236
76266
76267
76271
76274
76287
76326
76327
76335
76359
76362
76365
76369
76376
76396
76403
76410
76451
76454
76455
76462
76490
76491
76497
76500
76509
76510
76516
76528
76536
76553
76559
76565
76570
76582
76585
76596
76611
76617
76639
76647
76654
76660
76669
76686
76694
76695
76704
76708
76711
76714
76720
76721
76733
76735
76737
76741
76743
76752
76753
76756
76768
76769
76773
76776
76779
76785
76794
76795
76799
76806
76808
76834
76835
76846
76854
76866
76868
76872
76874
76878
76880
76886
76904
76910
76913
76926
76950
76972
76979
77012
77041
77042
77048
77071
77074
77079
77087
77098
77099
77106
77128
77129
77132
77134
77144
77151
77153
77154
77169
77176
77181
77185
77191
77195
77196
77200
77202
77204
77207
77244
77253
77255
77263
77264
77267
77268
77271
77276
77279
77280
77285
77304
77336
77344
77347
77348
77349
77367
77377
77378
77393
77408
77420
77425
77437
77440
77445
77472
77493
77498
77503
77512
77529
77542
77544
77555
77559
77568
77569
77573
77575
77576
77592
77601
77606
77612
77635
77649
77653
77684
77691
77695
77711
77727
77740
77770
77774
77779
77781
77854
77871
77883
77900
77909
77915
77918
77920
77922
77928
77943
77947
77948
77953
77977
77994
78005
78009
78015
78022
78027
78067
78073
78079
78091
78095
78106
78109
78115
78124
78136
78171
78176
78192
78197
78213
78226
78240
78243
78252
78264
78270
78279
78280
78289
78294
78309
78321
78322
78327
78345
78361
78366
78370
78380
78388
78389
78410
78423
78450
78456
78468
78469
78496
78498
78516
78526
78540
78551
78570
78573
78581
78583
78590
78614
78616
78634
78637
78638
78653
78657
78674
78688
78714
78752
78759
78769
78811
78831
78833
78841
78844
78845
78846
78849
78858
78883
78893
78905
78925
78942
78952
78956
78969
78971
78975
78976
79013
79028
79039
79046
79047
79066
79105
79109
79115
79117
79119
79140
79148
79162
79169
79178
79184
79187
79188
79195
79196
79201
79208
79224
79229
79242
79247
79264
79284
79290
79312
79322
79327
79329
79337
79350
79351
79355
79365
79367
79396
79402
79407
79409
79414
79416
79420
79428
79448
79452
79459
79469
79477
79483
79484
79526
79535
79541
79555
79562
79565
79578
79581
79585
79587
79607
79663
79665
79674
79683
79684
79689
79701
79710
79736
79741
79744
79757
79762
79774
79778
79790
79796
79812
79817
79835
79849
79860
79862
79868
79872
79878
79880
79882
79903
79915
79929
79930
79937
79941
79949
79959
79962
79985
79998
80002
80007
80008
80009
80019
80022
80053
80057
80072
80081
80086
80125
80149
80151
80165
80176
80186
80194
80197
80202
80225
80236
80253
80256
80270
80271
80278
80281
80288
80304
80313
80314
80330
80338
80339
80341
80349
80353
80355
80359
80367
80384
80385
80396
80416
80427
80442
80460
80473
80477
80504
80512
80519
80534
80536
80538
80544
80558
80570
80580
80588
80590
80601
80620
80621
80625
80628
80639
80640
80642
80657
80686
80689
80695
80696
80699
80703
80705
80707
80715
80720
80754
80765
80776
80782
80783
80786
80791
80820
80831
80849
80853
80854
80858
80862
80911
80914
80916
80940
80948
80952
80957
80969
80977
80992
81001
81002
81012
81016
81017
81026
81035
81044
81049
81054
81063
81066
81081
81112
81115
81121
81152
81174
81177
81181
81184
81197
81198
81206
81212
81217
81223
81226
81231
81240
81261
81278
81281
81296
81302
81303
81304
81312
81313
81316
81338
81340
81346
81358
81378
81398
81401
81408
81416
81426
81438
81440
81443
81474
81475
81477
81482
81506
81510
81511
81518
81520
81526
81532
81542
81554
81563
81576
81581
81586
81600
81613
81643
81644
81651
81661
81668
81677
81685
81705
81729
81748
81749
81756
81769
81773
81776
81781
81784
81786
81792
81796
81809
81816
81828
81866
81877
81894
81910
81915
81928
81933
81940
81947
81959
81996
82024
82029
82034
82038
82067
82072
82075
82084
82085
82091
82098
82106
82112
82115
82129
82141
82142
82150
82152
82184
82192
82208
82229
82237
82240
82264
82277
82281
82303
82311
82332
82353
82359
82365
82382
82388
82390
82397
82406
82410
82411
82419
82441
82461
82467
82476
82513
82520
82529
82538
82542
82554
82565
82573
82574
82582
82588
82602
82604
82606
82622
82625
82632
82640
82643
82645
82660
82676
82681
82688
82693
82697
82707
82709
82711
82715
82724
82731
82740
82741
82750
82756
82766
82773
82782
82783
82784
82809
82811
82820
82832
82834
82837
82848
82880
82881
82884
82906
82908
82909
82923
82932
82952
82955
82956
82964
82978
82989
83003
83006
83007
83028
83029
83035
83036
83039
83065
83086
83091
83094
83101
83105
83109
83124
83128
83129
83137
83142
83154
83163
83166
83167
83171
83198
83203
83207
83210
83217
83240
83244
83249
83251
83252
83263
83264
83268
83288
83295
83297
83309
83317
83320
83323
83327
83328
83329
83330
83341
83346
83360
83367
83374
83376
83405
83419
83420
83424
83425
83453
83485
83487
83488
83500
83503
83510
83519
83533
83534
83541
83560
83562
83564
83571
83587
83588
83590
83595
83597
83602
83653
83656
83670
83675
83679
83682
83683
83684
83727
83732
83739
83744
83755
83782
83789
83804
83805
83807
83823
83825
83828
83844
83863
83867
83893
83913
83914
83916
83924
83928
83932
83937
83942
83944
83958
83990
83997
84008
84011
84027
84038
84052
84053
84058
84094
84124
84155
84178
84188
84189
84199
84221
84238
84243
84259
84261
84285
84300
84315
84332
84350
84358
84381
84395
84403
84410
84424
84426
84432
84436
84441
84449
84450
84460
84470
84476
84486
84504
84506
84517
84518
84523
84554
84562
84568
84582
84586
84591
84599
84613
84614
84618
84623
84627
84651
84654
84656
84673
84675
84681
84690
84717
84730
84765
84775
84778
84785
84798
84800
84810
84818
84820
84823
84825
84833
84835
84841
84843
84844
84874
84876
84880
84903
84906
84912
84923
84930
84945
84962
84963
84969
84979
84982
84988
84998
85003
85010
85011
85019
85027
85031
85033
85053
85063
85077
85103
85113
85118
85146
85153
85159
85171
85173
85184
85195
85199
85206
85209
85221
85225
85233
85237
85263
85277
85279
85300
85314
85317
85323
85324
85326
85328
85329
85335
85342
85343
85355
85356
85362
85367
85376
85380
85409
85417
85431
85448
85451
85459
85461
85464
85469
85474
85475
85488
85489
85493
85500
85509
85512
85514
85520
85528
85532
85533
85536
85547
85548
85571
85577
85583
85594
85614
85623
85628
85642
85646
85650
85657
85673
85683
85686
85690
85702
85711
85716
85738
85747
85752
85768
85776
85794
85795
85797
85801
85810
85819
85831
85837
85845
85854
85862
85864
85878
85884
85889
85903
85906
85910
85911
85975
85976
85978
85989
85991
86003
86019
86023
86028
86053
86055
86056
86075
86086
86104
86119
86133
86235
86249
86252
86259
86274
86279
86283
86294
86297
86300
86302
86312
86316
86319
86326
86330
86336
86340
86362
86374
86380
86399
86412
86441
86448
86449
86463
86465
86468
86472
86487
86488
86496
86499
86512
86538
86539
86540
86546
86548
86550
86551
86560
86565
86568
86570
86576
86584
86605
86614
86626
86628
86637
86646
86662
86673
86676
86684
86692
86706
86710
86713
86714
86752
86757
86762
86764
86767
86777
86788
86799
86803
86806
86828
86844
86853
86855
86864
86874
86882
86886
86893
86899
86938
86952
86955
86957
86967
86970
86971
86974
86977
86979
86988
86999
87000
87014
87032
87053
87062
87080
87088
87092
87096
87100
87118
87138
87140
87161
87165
87182
87193
87231
87239
87249
87254
87264
87269
87279
87283
87295
87311
87324
87332
87334
87336
87341
87357
87358
87361
87367
87372
87379
87407
87411
87465
87481
87489
87521
87533
87540
87554
87556
87599
87610
87611
87616
87630
87635
87664
87665
87672
87689
87695
87704
87709
87726
87735
87753
87765
87783
87786
87791
87793
87799
87814
87840
87876
87884
87885
87899
87901
87903
87911
87912
87919
87923
87927
87940
87947
87957
87965
87974
87986
87988
87996
87999
88007
88022
88042
88048
88064
88067
88068
88084
88091
88096
88101
88105
88108
88112
88113
88128
88129
88162
88169
88171
88172
88174
88198
88201
88217
88220
88254
88255
88263
88273
88284
88299
88308
88318
88320
88329
88330
88347
88349
88355
88362
88366
88370
88374
88416
88431
88440
88457
88458
88470
88476
88480
88482
88490
88505
88510
88519
88524
88528
88538
88541
88543
88547
88549
88550
88555
88564
88571
88572
88577
88582
88585
88609
88613
88641
88653
88671
88680
88697
88712
88719
88729
88730
88738
88756
88780
88784
88790
88796
88797
88803
88814
88826
88844
88847
88849
88857
88925
88933
88935
88950
88959
88964
88971
88977
88980
88986
89001
89002
89003
89007
89023
89031
89032
89045
89065
89070
89074
89079
89080
89086
89088
89095
89096
89100
89115
89116
89126
89129
89132
89137
89143
89148
89152
89157
89171
89173
89181
89183
89206
89209
89214
89225
89228
89232
89250
89259
89267
89275
89277
89281
89287
89299
89311
89328
89347
89356
89361
89378
89380
89382
89391
89398
89404
89456
89457
89466
89481
89496
89503
89513
89515
89521
89526
89532
89534
89547
89552
89562
89564
89573
89578
89598
89603
89641
89650
89652
89654
89655
89694
89700
89708
89709
89712
89730
89744
89762
89812
89825
89831
89857
89868
89870
89879
89883
89892
89903
89917
89936
89944
89945
89947
89953
89964
89972
89997
90004
90029
90038
90045
90051
90056
90070
90071
90103
90104
90113
90118
90143
90147
90161
90165
90166
90191
90203
90226
90237
90238
90247
90252
90253
90273
90275
90280
90282
90286
90305
90319
90323
90336
90337
90373
90378
90379
90380
90384
90388
90393
90399
90405
90411
90414
90419
90426
90440
90452
90462
90465
90471
90475
90478
90486
90506
90507
90518
90521
90530
90554
90586
90594
90605
90613
90632
90650
90661
90680
90681
90690
90694
90695
90705
90735
90737
90747
90751
90760
90765
90767
90769
90779
90781
90786
90814
90825
90828
90835
90843
90847
90869
90880
90892
90899
90905
90909
90919
90928
90949
90959
90960
90988
90989
91023
91035
91037
91039
91046
91050
91060
91063
91070
91089
91090
91100
91118
91122
91128
91136
91150
91153
91155
91197
91209
91229
91232
91242
91247
91258
91271
91291
91298
91299
91315
91332
91357
91360
91369
91397
91406
91414
91428
91430
91433
91434
91436
91446
91448
91464
91466
91472
91479
91480
91482
91495
91513
91520
91521
91543
91546
91560
91566
91568
91570
91581
91591
91596
91600
91602
91610
91616
91617
91621
91635
91642
91645
91654
91669
91678
91679
91685
91686
91693
91696
91714
91716
91733
91737
91744
91745
91746
91748
91756
91757
91768
91773
91780
91788
91799
91802
91808
91825
91851
91857
91859
91860
91869
91894
91899
91939
91940
91946
91955
91961
91966
91976
92000
92002
92009
92017
92021
92032
92036
92051
92067
92078
92079
92084
92087
92096
92108
92112
92123
92146
92155
92186
92189
92221
92223
92226
92235
92237
92301
92306
92310
92316
92318
92362
92389
92393
92399
92406
92413
92423
92430
92431
92438
92450
92455
92456
92463
92466
92473
92478
92482
92483
92493
92505
92511
92530
92531
92533
92541
92577
92584
92597
92599
92600
92604
92606
92621
92626
92632
92645
92650
92669
92671
92676
92688
92727
92758
92760
92771
92779
92783
92793
92801
92826
92827
92831
92837
92838
92848
92856
92859
92916
92925
92950
92960
92967
92968
93006
93010
93016
93022
93027
93030
93033
93055
93056
93067
93075
93077
93082
93094
93103
93104
93111
93112
93123
93125
93135
93142
93150
93163
93169
93175
93185
93187
93190
93200
93201
93204
93205
93213
93227
93232
93253
93255
93258
93259
93269
93275
93303
93305
93319
93320
93332
93333
93346
93362
93384
93389
93419
93430
93463
93464
93468
93473
93478
93479
93481
93483
93485
93500
93506
93512
93522
93529
93534
93559
93560
93561
93580
93590
93604
93609
93625
93631
93643
93650
93661
93670
93674
93699
93701
93713
93716
93736
93738
93758
93760
93763
93774
93796
93801
93803
93814
93822
93828
93830
93846
93849
93861
93864
93898
93910
93942
93971
93989
94012
94038
94041
