403
532
609
626
1573
1594
1647
1901
2182
2679
2747
2954
3766
4035
4283
4942
5086
5232
5571
5591
6163
6922
8293
8501
8836
8917
8997
9022
9215
9518
9634
9694
10528
11036
11111
11224
11966
11980
12059
12060
12284
12411
13588
13623
13640
13641
14050
14244
14255
14367
16114
16935
17089
17490
17639
17825
18175
18291
18483
18743
18809
18854
19812
20248
20446
20913
21547
21739
21825
21960
22545
22792
22810
23749
23996
24389
24493
24894
25194
25491
25749
26168
26346
26819
26896
26897
27254
27645
28229
28985
29084
29176
29506
29968
30006
30100
30152
30475
30508
30589
30668
30777
30822
30950
31106
31295
31342
31399
31587
31626
31917
32088
32648
32883
32910
33842
34046
34365
35071
35091
35212
35598
35813
35847
35857
35950
36290
36738
36774
36991
37403
37406
37692
37730
37812
37916
38029
38590
38647
38840
39006
39665
39811
39913
41297
41817
41846
41892
42266
42425
44226
44624
44791
44865
44868
45317
45910
46145
46170
46203
46313
46596
46802
46840
46961
47185
47656
48119
48900
49098
49174
50059
50603
50605
50842
50992
51021
51172
51645
51722
52102
52386
52838
53065
53246
53371
53488
54697
55489
55595
55689
55953
56731
57489
57593
57675
58188
58287
58489
58517
58643
59079
59572
59683
60018
60207
60444
60567
60585
60674
60878
61064
61122
62083
62106
62556
63203
63296
63329
63393
64067
64236
64613
64622
64992
65428
65488
66053
66226
66420
66623
66867
66990
67350
67712
67736
67738
68294
68659
68952
69164
69673
69856
69958
70592
71683
72741
73183
73321
73997
74719
75059
75492
75916
76152
76401
76456
76945
77070
77288
77418
77452
77598
77810
78198
78266
78413
78473
78546
79165
79330
79745
79780
79782
80187
80222
80239
80475
80491
80596
80899
81264
81420
81858
82251
82663
82778
83595
83798
83934
83942
84334
84891
87206
87212
87973
88195
88351
88390
88461
88996
89446
89692
89825
89832
90013
90558
91343
91975
92804
92809
92978
93286
93907
93936
94127
95207
95346
95560
96010
96147
96592
96823
96893
96920
97018
97254
97783
98063
98157
98273
98591
98878
98916
98992
99011
99118
99337
99387
99503
99768
99903
100054
100460
100646
100701
100719
100786
100859
100961
100999
101100
102129
103289
103315
103928
104020
104329
104996
105066
105137
105327
105487
105595
105999
106224
106551
106715
107148
107317
107512
107859
110273
110282
110384
111095
111116
111465
111611
111699
111808
112533
112637
112777
112832
112842
113059
113327
113632
114420
114722
115022
115456
116135
116374
116986
117372
117493
117630
118256
118717
118802
118814
119113
119192
119637
119657
119789
120529
120767
120943
121037
121334
122008
122012
122807
123040
123773
124039
124054
124197
124362
125041
125276
125721
126675
127274
127522
127526
127627
127723
127923
128299
128469
128925
129302
129687
131549
132498
133232
133269
133504
134214
134219
134291
135103
135584
135953
136792
137564
137686
137722
138289
138578
139845
139870
139893
140717
140908
141005
141258
141547
141555
141799
141938
142128
142194
142265
142395
142743
143021
143038
143613
143795
144509
144551
144615
145062
145405
145452
145569
145790
145990
146177
147232
147259
147553
147596
148430
148505
149052
149343
149354
149460
150496
150759
151111
151119
151576
151656
151989
153027
153327
153781
153837
153860
154110
154157
154322
154562
154632
154975
155140
155337
155355
155698
155837
155881
155930
156047
156062
156286
156504
156785
156941
157543
157976
158260
159184
159467
159697
160259
160393
160658
160884
160972
160973
161501
161925
161951
162287
162301
163230
163474
163502
163874
164288
164346
164363
164650
165736
165820
165901
166158
166499
166913
166979
167167
167840
167990
168328
169211
170445
170496
171063
171471
171716
171772
171786
172590
172729
173347
173611
173673
173757
174106
174266
174562
174630
174701
175063
175168
175237
175321
175507
176052
176598
176933
177685
177860
178306
178438
179497
180142
180225
180769
182083
182411
182735
183134
183315
183469
184164
184594
184713
185094
185232
185815
186048
186454
186622
186976
186990
187001
187461
187493
188848
189800
190183
190255
190493
190553
190569
190735
190785
190939
191025
191462
191550
192099
192302
192729
193012
193862
194430
194499
194728
195010
195759
195840
196672
197523
197538
197659
198088
198197
198398
198777
198814
199552
200387
201042
201048
201261
201265
201275
201689
202018
202031
202139
202290
202808
203234
203580
203742
203837
203848
203858
203985
204136
204326
204523
204580
205867
205872
206436
206466
206817
207073
207133
207371
207386
207653
207979
208276
208640
209069
209861
209894
210610
211386
211396
211636
211645
211866
212047
212279
212740
213290
213354
213643
213807
214202
214492
214535
214889
214938
214956
215652
215666
215779
216010
216090
216231
217543
217567
217680
217994
218623
218942
219088
219171
220165
220364
220491
220497
221290
221588
221674
221706
221828
222284
223959
224048
224063
224256
224323
224642
224855
224896
224925
225617
225997
226042
226217
226225
226792
227109
227135
227140
227423
227721
228053
228176
228247
228335
228810
229034
229285
229553
230007
230220
230750
231086
231172
231312
231400
231438
231636
231956
232364
232782
233014
233232
233290
233338
233344
233947
234457
234552
235096
235147
235188
235422
235457
235604
235640
235714
236071
236374
236531
236563
236668
236739
237811
237914
237975
238167
238677
238865
238889
238911
239340
239472
239682
239697
240389
240430
240495
240610
240963
241066
241104
241564
242213
242351
242687
242766
242997
243094
243124
243440
243609
244101
244312
244331
244714
244835
244927
244971
245108
245160
245374
246030
246032
246055
246247
246443
247387
247424
247664
247973
248092
248339
248367
249026
249653
249728
250126
250231
250420
250424
250520
250926
250947
251385
251483
251574
251697
251868
251944
252541
252785
252972
253727
253865
254688
254945
255116
255359
255402
255854
255973
256959
257863
258180
259284
259647
259762
260318
260429
260574
260669
260776
260837
261107
261249
261472
261553
261776
262371
262457
262582
262626
262650
262671
262738
263850
264029
264100
264789
264999
265253
265383
265422
265544
265741
265906
266116
266178
266320
267763
268002
268066
268133
268153
268327
268397
269129
269525
269955
270028
270283
270955
271756
271783
271949
271973
272095
272717
273042
273060
273290
273329
273591
273841
273874
274182
274648
274705
275285
275366
275668
275786
276445
276668
276815
276863
276891
277730
278501
278877
279088
279142
279308
279343
279450
279506
279811
279857
279903
280002
280058
280094
280100
280494
280782
280843
280956
281265
281496
281851
282693
283268
283326
283574
283903
283927
284013
284311
284486
284535
284659
284883
284993
285014
285292
285361
285439
285721
285777
285797
286300
286602
286776
287194
287576
287595
287623
288289
288441
288536
288622
288715
289221
289516
289571
289636
289751
289840
290004
290009
290064
290571
290871
291431
291525
291605
292236
292748
293008
293427
293565
293975
294059
294393
294397
294479
294742
294787
295246
295423
295755
295880
295896
296230
296318
296549
297020
297173
297695
297933
297981
298573
298596
298834
298886
299028
299125
299172
299309
299391
299493
299840
300399
300531
300742
300842
301284
301629
302308
302686
302738
303828
303830
303883
303986
304140
304382
306134
306518
307057
307076
307211
307464
307525
307954
307958
308702
310039
310283
310338
310378
310444
310801
311000
311566
311618
311929
312008
312102
312232
312336
312987
313008
313123
313307
313477
314177
315246
315486
315579
315927
315950
316156
316188
316213
316503
316552
317483
317846
317966
318006
318470
318607
318654
318804
319304
319783
319852
320174
320261
320656
320706
321036
321072
321113
321114
321846
322462
322468
322993
323165
323253
323621
323659
323731
324034
324124
324283
324449
324507
324565
324719
324925
325410
325775
325853
326325
326461
326701
326791
327164
327999
328295
328492
328634
328702
328852
329469
329500
329948
330006
330011
330130
330589
330892
330910
331289
331529
331607
331833
332161
332215
332357
332906
332947
332980
333113
333248
333505
333548
333561
333879
333988
334105
334117
334143
334271
334639
334908
335123
335187
335341
335383
335537
335567
336258
336501
336863
337316
337360
337458
337571
338195
338687
338911
339572
339840
340052
340065
340066
340903
341042
341071
341441
341499
343045
343408
344209
344948
345324
345380
345567
345726
345763
345900
346056
346063
346517
346699
347099
347628
347774
348543
348571
348642
348669
348670
348927
348928
349145
349352
349488
349594
349836
350426
350678
350910
351051
351063
351602
351838
351845
352003
352167
352355
352406
352447
352577
352729
352957
353372
353620
353733
353863
354147
354196
354416
354686
354960
355518
355544
355604
355687
355918
356325
356484
356630
356730
356744
356745
356795
356867
357109
357171
357210
357285
357348
357403
357486
357931
358088
358350
358383
358426
358643
358870
359373
359485
359616
359790
359826
361663
361759
361881
361895
362278
362348
362673
362918
362937
363204
363257
363895
364151
364394
364558
365959
366169
366187
366268
366637
366726
366758
367262
367779
368786
368911
368954
369152
369185
369257
369287
369402
370297
371095
371396
371517
371540
371648
371836
372173
372249
372999
373003
373094
373117
373490
373912
374786
374918
375202
375375
376641
376980
378158
378606
379371
379861
380292
380753
381253
381296
381419
381574
381693
381722
381769
381860
382002
382157
382552
382631
382690
382750
382798
382884
383039
383065
383345
383357
383938
383973
384004
384921
385068
385427
385516
385829
386591
386818
387185
387758
387904
388390
388843
389282
390010
390161
390296
390328
390519
390911
390914
392025
392265
392449
392726
392848
393120
393216
393341
393358
393874
394247
394595
394936
394963
395132
395460
395713
396659
396742
396884
397244
397360
398465
398476
399905
400428
401187
401543
402376
402393
402535
402625
402855
402933
403131
403911
404112
404213
404284
404519
404604
404660
405226
405233
405290
405387
405463
405679
406272
406489
406775
406935
406999
407657
407664
408045
408471
408688
408716
408875
408884
408896
408987
408996
409054
409127
409154
409584
409616
410318
410905
411272
411294
411340
411398
411830
412769
412794
413714
413750
413791
414003
414848
414907
416460
416767
416778
416792
416829
416927
417055
417176
417266
417741
417785
418333
418690
418937
418998
419151
419171
419226
419459
419611
419635
420098
420588
420638
421286
421570
421658
421983
422110
422145
422288
422585
422869
422966
423572
424356
424808
425518
425724
426184
427063
427146
427489
428364
428600
428876
429017
429270
429461
429585
429612
429721
429866
429943
430277
430379
430745
430906
431255
431523
431933
432340
432594
432718
433047
433120
433206
433563
433666
433727
433988
434010
434031
434097
434568
435067
435698
435986
435995
436180
436350
437126
438355
438979
439733
440124
440402
440467
440761
441431
441825
442094
442238
442329
442351
442475
442478
442678
442909
443116
443171
443373
443636
443760
443843
443910
444676
444864
445326
445365
445533
446634
446701
446861
446937
447125
447235
448004
448581
448754
449008
449538
449552
449739
449984
450447
450487
450844
451003
451517
451686
451797
451920
453002
453406
453562
453605
454014
454214
454307
454620
454772
454881
455585
455629
455933
456325
456731
457092
458021
458153
458314
458432
458994
459133
459212
459855
460096
460117
460485
460701
460725
460995
461073
461486
461506
461511
461654
461781
461911
462364
462666
462944
462968
463456
463513
463968
464066
464247
464271
464318
464486
464983
465065
465185
465477
465991
466159
466687
466919
467251
467389
467862
467911
467991
468771
469314
469360
469421
469632
470717
470983
471178
471685
472021
472251
472447
472800
472896
473907
474155
474186
474482
474484
474870
474940
475018
475141
475494
475825
476130
476142
476196
476439
476498
476700
476774
476785
477354
477525
477942
478372
478506
478600
478683
479002
479144
479191
479860
480850
480917
481011
481024
481139
481170
481471
481560
481683
481786
481823
482085
482472
482560
482975
483033
483355
483430
483695
483762
484411
484586
484659
485686
485692
485782
485951
485983
486033
486514
486761
487255
487602
487763
487770
488111
488120
488264
488649
488679
488695
489170
489566
489864
490043
490093
491828
491983
492454
492503
492820
493293
493383
493928
494360
494822
495299
495474
495895
496090
496236
496728
496802
497264
497890
498055
498469
498566
499088
499223
499290
499317
499470
499484
499583
500675
500833
500938
501281
501383
501395
501397
501598
501805
502340
502479
502932
502943
503038
503161
503207
503789
504143
504503
505030
505310
505373
505667
506293
506858
506891
507354
507383
507425
507463
507878
507949
508400
508940
508950
508972
509027
509046
509124
509619
510255
510270
510583
510595
510628
510648
511017
511070
511846
512205
512492
513106
513571
513913
514083
514196
514572
515335
515363
516315
516490
517126
517697
518323
518626
519324
519391
519969
520184
520604
520665
520818
521006
521074
521453
521612
521725
521869
522297
522997
523869
524228
524388
524445
524961
525076
525157
525585
525603
525712
525850
525887
526200
527701
528168
528211
528300
528484
528503
528848
528977
529300
529430
529750
530021
530212
530781
531443
531449
531709
531727
532672
532947
533109
533166
533245
533247
533440
533923
533969
534779
534825
534870
535238
535665
535713
536216
536341
536537
537071
537081
537552
537569
537901
538762
539193
539812
540038
540635
541302
541332
541342
542095
543450
543515
543719
544171
545293
545315
545405
545600
545732
545990
546033
546140
546327
546514
547466
547611
547709
547848
547948
548202
548231
548378
548391
548506
548708
548800
549435
550461
550547
550565
550616
551903
552247
552311
552633
552667
552932
553021
553194
553211
553375
553391
553553
553921
554523
554907
555480
555607
555709
555782
556310
556624
556630
556864
