403
532
609
626
1573
1594
1647
1901
2182
2679
2747
2954
3766
4035
4283
4942
5086
5232
5571
5591
6163
6922
8293
8501
8836
8917
8997
9022
9215
9518
9634
9694
10528
11036
11111
11224
11966
11980
12059
12060
12284
12411
13588
13623
13640
13641
14050
14244
14255
14367
16114
16935
17089
17490
17639
17825
18175
18291
18483
18743
18809
18854
19812
20248
20446
20913
21547
21739
21825
21960
22545
22792
22810
23749
23996
24389
24493
24894
25194
25491
25749
26168
26346
26819
26896
26897
27254
27645
28229
28985
29084
29176
29506
29968
30006
30100
30152
30475
30508
30589
