50
100
351
837
1140
1549
2011
2636
3436
3770
3848
4670
5008
5829
5921
6544
6670
6742
6901
7026
7246
7291
7379
7401
7731
7742
8742
8918
9473
9496
9968
10138
10442
11446
12005
12519
13237
13370
13794
14140
15670
16285
16372
16625
16714
16943
17041
17134
17379
17517
19402
19566
19767
19874
20303
20855
20946
21801
22255
22397
23376
23679
24046
24480
24491
26412
26575
27564
28000
28654
29252
29476
29903
29905
30632
31268
31683
32885
33137
33339
34373
34665
34708
34794
34988
35612
35908
36096
36682
36996
37040
37124
37203
38042
38284
38301
38627
38778
39986
41293
41848
42066
42248
42409
42620
42634
43347
43755
44370
44717
44978
46249
46409
46458
46583
46631
46720
47455
47642
47688
49186
49525
50385
50773
51713
51769
52409
52487
52692
53050
53088
53181
53430
53691
53732
54136
54268
54508
55580
55612
56136
56218
56367
56910
57152
57180
58061
58063
58083
58228
58335
58485
58497
59400
61531
61555
62245
62600
62706
62832
62875
62960
63673
63825
63861
64034
65471
65557
65668
66719
66957
67492
67828
68643
68984
69124
70180
70744
70758
71445
71621
71971
72604
73587
74347
74352
74425
74687
75029
75139
75140
76316
76579
76965
77833
78344
79404
79429
80117
81122
81218
81254
81515
81659
81715
81962
82084
82498
82530
83633
83660
83882
84027
84459
84576
84822
84916
84922
85607
86405
86529
86851
86864
86996
87071
87628
88119
88555
88594
88662
88928
90157
90540
90597
90836
91010
91187
91227
91473
91679
92603
92788
92947
94235
94685
96081
97123
97424
98665
98724
99218
99686
99920
100191
100205
101905
102432
103076
103102
104036
104075
104361
104904
104933
105289
105310
105369
105389
105443
105628
105869
106121
106294
106401
107858
108063
108782
108976
109681
110404
110862
111769
112168
112507
113341
113531
113577
114387
114466
114505
114795
115872
116433
116483
117061
117320
117502
118993
119056
119308
120006
120130
121487
121986
122684
122841
123021
123375
124248
124316
125369
125874
126158
126237
126334
126930
126984
128432
129107
129566
129617
129699
130113
130357
131421
131659
132799
133513
134716
135452
135563
135690
136522
136540
136596
136772
138767
139595
139686
139920
140408
140742
140769
140815
140945
141020
141136
141973
141978
142687
142771
142917
143589
143784
144064
144399
145309
145751
146114
146421
147275
147528
148426
149245
149917
150576
150754
151027
151481
153038
153276
154922
155461
155551
155583
156148
156384
156944
157935
158337
158400
158538
158616
159440
160135
160230
161400
162346
162693
162967
162996
163187
163208
163400
163881
164018
164142
164169
164376
164609
165503
166139
166531
166883
167397
167803
167862
168040
169197
169720
170071
170077
170261
170408
171174
171250
171520
171635
172110
172112
172141
172858
173406
173468
173752
173879
175515
175989
177353
177656
178029
178388
178530
178655
178960
180101
180480
180939
181749
182094
182977
183086
183122
183236
183357
183880
183929
184021
184210
184446
184636
184861
184924
185100
185423
185969
186423
186616
186677
186838
187028
187351
187393
187778
187926
188167
188341
188950
189178
189341
189489
189694
189926
190151
190293
190747
191286
193653
194199
194340
194759
196896
196982
197220
198313
198368
198676
200495
201111
201124
201200
201604
201770
201786
201888
201930
202019
202422
202878
202909
203152
203179
203633
203729
204199
204424
204865
204982
205015
205480
205661
205811
205977
206097
206879
207047
207443
207452
207588
207870
207880
208138
208204
208394
208547
208836
209825
210388
210462
210468
210604
210618
211016
211275
211747
212213
213333
215158
215903
216040
217439
218359
218747
219075
219288
219498
219958
220579
220735
220737
220819
221470
222242
222664
223368
223481
223722
224466
224498
224789
224790
224945
225516
225735
225995
226257
226494
226626
226628
227749
227937
227971
228766
229410
229469
229547
229782
230369
231080
231346
231923
232349
232408
233141
234047
234581
234764
235199
235255
235285
236305
236648
236997
238214
238287
238802
239159
239398
239490
239721
239829
240381
241095
241569
241823
242010
242371
242643
242697
243426
244034
244700
245606
245664
245725
245928
246496
247293
247441
248192
248334
249146
249647
249729
249945
250305
250422
250641
251829
253520
253562
253941
254443
254652
255107
256069
256334
256809
257306
257552
257602
257812
258099
258653
258734
258768
259057
259755
260044
260068
260304
260492
260566
260948
261665
261677
261861
261882
262342
262407
263486
263750
264518
264832
265322
265336
265431
265607
266266
267132
267403
267601
267603
267848
268046
268211
268339
268497
269054
269642
269676
269683
270066
270290
271867
272785
272966
273083
273279
273453
273480
273604
273844
274755
274844
275613
276193
276247
277100
277291
277911
278122
278281
279126
279259
279304
279884
280282
280739
281407
281862
282346
282909
283021
283064
283226
283351
283526
283584
283593
283629
284031
285324
285376
285991
286071
286505
286782
286834
286912
287277
287624
289019
289042
289781
291068
291116
291451
291567
291612
291771
291851
292152
293891
294476
294765
295472
296173
296386
296476
298614
298990
299074
299552
299639
300588
300826
300879
301220
303018
304413
304784
304898
305661
306775
307460
308266
308880
309020
310102
310642
310711
310880
311022
311421
311473
311780
311836
311952
312213
312397
312685
312843
313797
313953
314946
316565
316907
316941
317024
317025
317122
317719
318170
318310
318729
318737
318916
318947
319041
319250
320337
320465
320829
321447
322148
322358
322528
322702
322814
322957
324289
325038
325048
326025
326515
327275
328138
328371
328906
329589
329608
329935
330411
330490
330812
330903
331506
332296
332677
333099
333214
333698
333794
333845
333965
334813
335166
336191
336790
337690
338483
338809
338892
338988
339599
339963
340445
340885
340914
341122
341944
341987
342619
342731
343218
343799
344368
344989
345418
345636
345677
346217
346732
347295
347788
348673
348711
348750
349161
349382
349543
350079
350255
350494
350673
350788
351568
351735
352521
353780
353844
354013
354710
354833
355337
355816
355878
356876
357711
357743
358175
358528
358915
360015
360161
360373
360934
361229
362689
363091
363213
363465
363567
364504
364604
364941
365181
365212
365977
367354
367814
368685
368852
368945
369047
369057
370269
370373
370576
370670
371002
371198
372076
372202
372288
372611
373078
373370
373584
374141
374163
375018
375333
375548
375823
376149
376859
377230
377310
377415
377789
378179
378578
379479
379831
381090
381430
382017
382137
382999
383105
383635
384531
384572
384689
385066
385665
386079
386307
386430
386589
387241
387618
387696
387769
387781
387866
388046
388138
389180
389236
390473
390939
392173
392554
393607
395062
395166
395464
395507
395783
395907
396119
397677
399343
399494
399962
400446
401858
402771
402924
402931
403033
403050
403091
403114
403715
404694
405375
