57
135
201
314
371
396
461
481
538
554
591
623
677
679
680
755
780
957
1041
1137
1162
1202
1240
1320
1325
1328
1338
1404
1481
1486
1499
1516
1566
1590
1642
1735
1783
1864
1885
1937
1952
2027
2077
2093
2146
2150
2266
2273
2287
2369
2434
2458
2462
2489
2496
2648
2705
2863
2915
2950
2979
3066
3069
3087
3110
3134
3140
3180
3214
3216
3255
3354
3386
3457
3538
3570
3596
3673
3684
3722
3744
3821
3850
3891
3899
3918
3961
4018
4071
4072
4087
4095
4108
4156
4173
4221
4266
4298
4421
4432
4536
4762
4780
4900
4920
4993
5015
5025
5225
5238
5244
5340
5350
5357
5402
5406
5434
5482
5498
5567
5569
5616
5617
5626
5658
5686
5787
5794
5823
5908
5967
6028
6180
6182
6205
6338
6348
6468
6523
6597
6781
6784
6804
6829
6919
6992
7053
7104
7161
7201
7213
7220
7247
7350
7363
7366
7428
7455
7508
7512
7690
7692
7735
7786
7915
8129
8142
8152
8249
8263
8286
8344
8551
8591
8603
8638
8656
8800
8803
8806
8824
8849
8901
8907
8913
8939
9008
9097
9130
9160
9249
9263
9267
9312
9419
9439
9447
9456
9469
9470
9512
9514
9560
9575
9610
9627
9666
9677
9681
9688
9931
10001
10157
10186
10192
10272
10323
10336
10422
10428
10491
10508
10520
10554
10605
10613
10633
10675
10695
10701
10755
10809
10823
10994
11013
11028
11097
11146
11216
11223
11307
11333
11338
11397
11421
11487
11664
11768
11776
11784
11842
11854
11887
11901
11962
11964
11993
12007
12038
12108
12122
12131
12205
12210
12227
12268
12270
12304
12335
12338
12346
12364
12376
12403
12428
12439
12502
12511
12521
12547
12625
12643
12685
12841
12876
12929
12956
12961
13060
13126
13178
13265
13292
13397
13534
13594
13612
13654
13776
13777
13812
13907
13969
13981
13997
14147
14198
14219
14282
14312
14322
14366
14381
14434
14453
14476
14507
14556
14611
14621
14657
14671
14733
14735
14742
14811
14866
14931
14954
14982
14993
14997
15063
15141
15237
15252
15291
15301
15309
15339
15345
15405
15468
15477
15539
15600
15662
15747
15882
15901
15945
15992
16009
16041
16043
16061
16080
16103
16139
16200
16206
16288
16297
16314
16325
16435
16440
16519
16590
16619
16634
16722
16734
16735
16821
16847
16875
16912
17056
17081
17105
17125
17139
17141
17144
17156
17173
17210
17217
17229
17230
17489
17494
17540
17626
17676
17741
17776
17785
17808
17861
17880
17966
17990
18054
18094
18108
18131
18181
18249
18255
18269
18324
18341
18347
18368
18374
18429
18458
18501
18536
18598
18667
18758
18759
18764
18795
18804
18808
18947
18951
18968
18992
19015
19019
19031
19053
19072
19173
19200
19215
19256
19276
19305
19335
19469
19521
19688
19784
19808
19838
19913
19961
20050
20058
20178
20339
20384
20416
20461
20489
20533
20553
20612
20677
20689
20694
20733
20759
20762
20808
20893
20896
20964
20992
21145
21153
21218
21246
21260
21322
21387
21412
21533
21537
21557
21561
21596
21728
21777
21782
21785
21900
21947
21995
22027
22157
22189
22215
22219
22225
22346
22445
22495
22505
22606
22637
22639
22668
22676
22689
22709
22761
22799
22882
22890
22893
22965
23024
23060
23069
23074
23086
23102
23130
23141
23177
23178
23187
23192
23238
23242
23245
23284
23297
23335
23397
23416
23472
23494
23505
23556
23558
23567
23754
23762
23793
23870
23914
23939
23964
23999
24022
24043
24050
24072
24078
24104
24140
24215
24306
24317
24364
24434
24443
24460
24472
24487
24525
24550
24555
24609
24665
24716
24812
24851
24852
24855
24859
24939
24973
24986
24990
25013
25021
25024
25031
25072
25108
25240
25316
25364
25467
25523
25724
25767
25768
25792
25827
25995
26008
26068
26101
26112
26139
26142
26260
26297
26309
26317
26319
26389
26416
26540
26554
26665
26696
26721
26760
26860
26866
26878
26971
27016
27027
27118
27238
27281
27317
27323
27398
27407
27467
27472
27513
27542
27744
27757
27778
27797
27841
27864
27885
27900
27947
27972
28056
28083
28103
28258
28269
28276
28291
28388
28410
28420
28504
28546
28550
28623
28665
28671
28686
28790
28807
28843
28886
28901
28916
28969
29011
29028
29033
29036
29044
29119
29135
29145
29173
29188
29233
29379
29418
29495
29555
29564
29586
29590
29599
29662
29663
29723
29735
29791
29880
29979
30029
30099
30192
30213
30242
30257
30380
30422
30432
30477
30567
30570
30596
30601
30606
30662
30672
30693
30723
30725
30757
30767
30790
30823
30955
30982
31046
31123
31192
31241
31246
31258
31289
31299
31357
31443
31470
31491
31556
31619
31634
31666
31687
31714
31717
31763
31803
31898
31920
31993
32051
32180
32221
32235
32248
32342
32367
32378
32383
32421
32431
32453
32476
32595
32723
32969
33029
33030
33088
33110
33146
33187
33230
33232
33242
33390
33393
33417
33448
33495
33512
33532
33581
33717
33760
33942
34014
34056
34086
34118
34164
34198
34292
34302
34306
34324
34369
34416
34424
34426
34428
34433
34454
34473
34552
34553
34591
34682
34752
34920
34969
35021
35184
35247
35256
35279
35355
35365
35423
35436
35456
35513
35561
35569
35583
35585
35597
35668
35679
35681
35763
35826
35928
35936
36017
36037
36079
36087
36170
36278
36320
36526
36527
36549
36608
36611
36617
36661
36679
36740
36773
36946
37090
37260
37283
37348
37438
37509
37531
37538
37572
37640
37715
37729
37750
37828
37860
37972
37990
37991
38000
38012
38032
38132
38166
38212
38248
38308
38311
38320
38326
38333
38353
38362
38376
38380
38458
38538
38574
38613
38659
38663
38669
38694
38742
38764
38770
38836
38878
38901
38966
39001
39005
39019
39180
39209
39214
39247
39297
39402
39524
39595
39676
39725
39733
39794
39801
39835
39841
39890
39904
39972
40076
40082
40114
40118
40200
40219
40276
40311
40362
40421
40427
40445
40477
40480
40491
40493
40516
40537
40542
40596
40604
40614
40655
40727
40774
40817
40842
40843
40847
40857
40877
40885
40894
40906
40973
41032
41042
41065
41114
41142
41205
41304
41314
41413
41465
41539
41558
41582
41584
41747
41982
41991
42009
42018
42125
42136
42138
42147
42190
42206
42232
42355
42370
42393
42454
42630
42655
42671
42686
42709
42738
42788
42797
42801
42805
42818
42825
42896
42912
42952
42980
42988
43084
43097
43152
43166
43180
43211
43240
43242
43243
43296
43383
43457
43507
43555
43563
43588
43642
43672
43684
43694
43732
43745
43757
43798
43832
43867
43873
43916
43938
43992
44013
44037
44053
44127
44171
44204
44244
44254
44259
44501
44561
44696
44712
44828
44862
44893
44921
44923
44925
44989
44994
45020
45054
45134
45208
45229
45501
45510
45547
45555
45580
45609
45678
45698
45726
45741
45755
45813
45833
45845
45864
45898
45939
45945
45968
45975
46002
46047
46064
46085
46101
46247
46255
46264
46297
46309
46326
46460
46540
46575
46658
46740
46945
46967
46968
47036
47055
47094
47101
47164
47214
47280
47325
47350
47489
47531
47576
47806
47860
47892
47908
47962
47975
48047
48051
48093
48273
48292
48335
48354
48372
48389
48516
48534
48539
48553
48554
48583
48590
48604
48606
48624
48669
48729
48852
48867
49028
49060
49069
49078
49100
49111
49134
49181
49185
49196
49204
49297
49365
49370
49386
49413
49452
49506
49532
49580
49594
49596
49614
49630
49656
49680
49703
49759
49814
49822
49855
49917
49919
49928
49933
50002
50074
50083
50156
50169
50173
50190
50221
50265
50269
50296
50330
50379
50418
50432
50474
50538
50593
50679
50699
50713
50728
50762
50790
50811
50834
50898
50956
50958
50985
51017
51102
51109
51115
51174
51209
51236
51250
51302
51364
51443
51526
51535
51544
51574
51708
51741
51754
51775
51846
51938
51963
51987
52050
52083
52106
52125
52128
52132
52145
52263
52264
52267
52277
52313
52384
52423
52473
52478
52521
52575
52668
52761
52784
52837
52862
52885
52906
52947
52955
52980
53036
53049
53240
53262
53265
53272
53279
53280
53324
53334
53357
53363
53380
53398
53404
53410
53414
53421
53424
53453
53455
53582
53583
53630
53673
53716
53766
53773
53804
53950
53954
53966
53969
53994
54030
54038
54139
54168
54214
54224
54256
54286
54301
54367
54539
54540
54634
54648
54666
54678
54690
54797
54817
54842
54892
54894
54959
55005
55105
55126
55187
55307
55315
55430
55480
55635
55671
55719
55721
55763
55783
55851
55852
55882
55890
55893
55938
55982
55992
56017
56116
56205
56207
56279
56295
56363
56452
56470
56495
56497
56504
56525
56566
56607
56612
56627
56713
56717
56763
56769
56815
56823
56838
56841
56891
56927
56979
56995
57011
57075
57076
57086
57118
57136
57189
57257
57275
57288
57292
57302
57321
57369
57408
57588
57615
57628
57665
57725
57726
57759
57792
57833
57868
57971
57992
58029
58107
58134
58173
58256
58283
58296
58308
58328
58362
58446
58480
58530
58537
58584
58610
58621
58737
58836
58935
59000
59053
59094
59107
59114
59202
59254
59289
59298
59308
59422
59445
59481
59537
59540
59542
59545
59656
59716
59731
59753
59798
59799
59856
59908
59917
59964
60078
60251
60276
60347
60355
60476
60565
60571
60577
60596
60612
60615
60649
60679
60682
60772
60929
60964
60989
60990
61000
61018
61131
61133
61167
61219
61245
61312
61350
61374
61385
61483
61495
61546
61571
61789
61857
61869
61900
61975
61998
62077
62080
62111
62113
62127
62173
62192
62230
62247
62251
62342
62396
62509
62510
62557
62643
62699
62714
62740
62808
62857
62886
62898
62923
62949
62997
63021
63024
63040
63053
63068
63093
63096
63217
63231
63279
63311
63316
63377
63446
63475
63477
63561
63625
63658
63663
63683
63713
63747
63820
63822
63915
63954
64037
64075
64089
64128
64214
64233
64285
64288
64307
64344
64346
64373
64411
64428
64429
64438
64478
64575
64642
64653
64659
64668
64675
64699
64829
64877
64894
64918
64943
64972
64975
65017
65036
65069
65161
65206
65211
65254
65280
65402
65406
65414
65437
65503
65520
65539
65586
65587
65604
65645
65658
65838
65846
65864
65890
65907
65942
66013
66014
66122
66221
66233
66296
66385
66453
66468
66507
66549
66602
66617
66639
66661
66795
66953
66988
67013
67053
67060
67063
67112
67117
67190
67218
67265
67301
67331
67342
67369
67561
67567
67607
67622
67675
67734
67750
67861
67879
67887
67953
67982
68004
68070
68133
68180
68257
68284
68359
68373
68436
68439
68440
68454
68481
68645
68691
68716
68720
68772
68776
68839
68904
68945
68993
69068
69087
69109
69131
69200
69206
69225
69294
69370
69396
69603
69693
69713
69853
69959
69972
69998
70284
70299
70312
70449
70491
70558
70581
70651
70672
70681
70791
70802
70987
71018
71051
71063
71110
71151
71183
71213
71250
71273
71289
71345
71388
71509
71518
71547
71554
71599
71601
71616
71657
71769
71868
71890
71892
71903
71953
72020
72056
72145
72151
72152
72199
72203
72393
72453
72487
72489
72513
72514
72569
72581
72597
72610
72615
72617
72667
72702
72740
72764
72801
72876
72921
72941
72990
72994
72998
73013
73050
73055
73125
73144
73152
73179
73190
73212
73214
73275
73307
73316
73401
73402
73412
73442
73467
73484
73491
73534
73608
73623
73625
73634
73641
73644
73664
73681
73700
73778
73856
73876
73877
73910
74011
74024
74025
74051
74064
74080
74089
74099
74213
74290
74314
74338
74340
74388
74414
74437
74559
74572
74628
74659
74699
74721
74768
74793
74846
74856
74862
74888
74945
74966
75010
75041
75074
75098
75208
75219
75306
75389
75432
75439
75487
75501
75617
75689
75699
75774
75828
75879
76175
76291
76380
76404
76440
76493
76515
76553
76560
76594
76704
76722
76761
76813
76850
76935
77003
77109
77222
77259
77319
77425
77491
77498
77524
77650
77654
77661
77688
77799
77842
77916
77929
78008
78011
78117
78142
78162
78194
78227
78281
78389
78404
78421
78432
78445
78596
78816
78843
78871
78877
78908
78939
78978
79023
79042
79084
79226
79231
79274
79294
79400
79428
79440
79467
79482
79490
79512
79550
79583
79603
79610
79633
79647
79661
79689
79718
79723
79764
79875
79912
79920
79950
79959
79962
80013
80094
80256
80284
80375
80386
80415
80416
80508
80595
80611
80628
80759
80760
80762
80807
80873
80889
80894
80908
80947
80955
80981
81000
81012
81047
81062
81100
81103
81107
81198
81233
81269
81276
81282
81339
81364
81426
81507
81527
81538
81539
81544
81547
81656
81673
81690
81705
81740
81791
81800
81824
81838
81847
81927
81992
81999
82030
82091
82095
82239
82346
82459
82538
82578
82643
82730
82764
82796
82824
82848
82855
82891
82914
82945
83020
83068
83083
83151
83218
83222
83353
83386
83492
83520
83524
83574
83687
83698
83715
83717
83736
83753
83764
83909
83925
83953
83961
84001
84014
84019
84062
84135
84136
84184
84222
84229
84231
84232
84264
84266
84364
84393
84394
84411
84502
84593
84624
84645
84752
84787
84791
84834
84858
84887
84960
84964
84999
85139
85159
85198
85326
85334
85366
85451
85457
85470
85538
85626
85656
85662
85737
85870
85946
86041
86042
86210
86260
86324
86371
86385
86390
86426
86458
86460
86502
86774
86844
86916
86928
87024
87029
87060
87122
87145
87149
87201
87241
87300
87342
87353
87367
87379
87466
87471
87472
87542
87578
87714
87733
87767
87928
87933
87947
87951
87990
88034
88044
88045
88101
88113
88215
88218
88282
88403
88406
88413
88479
88495
88552
88560
88579
88587
88666
88729
88736
88859
88899
88927
88995
89145
89155
89202
89214
89231
89256
89312
89322
89364
89445
89510
89519
89540
89594
89628
89690
89715
89729
89809
89819
89823
89948
89952
89974
89993
90041
90050
90087
90123
90152
90232
90242
90245
90287
90335
90342
90417
90526
90591
90616
90618
90629
90640
90655
90677
90686
90726
90766
90814
90879
90946
90982
90983
90993
91018
91045
91069
91131
91213
91274
91284
91408
91427
91478
91483
91517
91543
91557
91604
91619
91639
91661
91700
91748
91777
91850
91875
91879
91886
92016
92157
92201
92250
92271
92272
92279
92280
92301
92316
92320
92339
92436
92497
92529
92532
92556
92564
92577
92607
92624
92626
92638
92654
92725
92784
92785
92830
92846
92935
92945
93108
93111
93120
93127
93144
93178
93227
93262
93309
93326
93376
93391
93459
93498
93505
93557
93583
93584
93587
93637
93674
93743
93756
93769
93888
93892
93913
94012
94093
94101
94176
94208
94213
94233
94243
94269
94283
94299
94307
94347
94348
94359
94382
94392
94453
94529
94556
94577
94622
94630
94660
94800
95002
95039
95057
95261
95286
95347
95378
95444
95521
95588
95601
95653
95692
95700
95714
95757
95814
95859
95915
95956
96011
96078
96135
96158
96160
96248
96253
96333
96339
96363
96386
96508
96519
96528
96555
96587
96605
96619
96643
96790
96855
96918
96958
96982
97032
97043
97103
97105
97137
97188
97192
97199
97200
97211
97363
97375
97415
97460
97513
97530
97564
97603
97740
97842
97882
97895
97917
97944
98057
98151
98166
98189
98276
98333
98356
98383
98445
98470
98480
98515
98545
98550
98598
98642
98654
98740
98780
98807
98900
98904
98936
99048
99145
99190
99327
99343
99408
99431
99465
99527
99791
99808
99913
99938
99950
100022
100045
100147
100273
100374
100407
100411
100468
100483
100496
100554
100595
100600
100604
100617
100708
100776
100825
101035
101045
101080
101130
101137
101142
101221
101252
101331
101341
101345
101428
101434
101470
101483
101485
101487
101547
101563
101576
101583
101589
101659
101740
101798
101822
101829
101861
101870
101895
101898
101904
101912
101952
101996
102061
102094
102108
102115
102124
102183
102203
102325
102422
102458
102594
102602
102611
102642
102720
102768
102851
102913
102940
102969
103001
103029
103081
103150
103182
103200
103219
103239
103246
103370
103377
103474
103494
103502
103508
103532
103671
103676
103678
103680
103720
103731
103737
103809
103901
104032
104082
104156
104178
104224
104262
104282
104330
104344
104349
104436
104575
104604
104612
104625
104627
104683
104694
104754
104759
104766
104906
104934
104978
105007
105081
105097
105156
105157
105180
105200
105220
105227
105230
105276
105294
105450
105490
105498
105506
105523
105654
105714
105735
105761
105784
105806
105882
105892
105972
106033
106075
106236
106264
106287
106340
106354
106372
106435
106463
106534
106626
106644
106683
106808
106812
106834
106838
106875
106888
106935
107001
107006
107063
107087
107126
107218
107259
107265
107318
107320
107326
107336
107366
107424
107504
107514
107594
107670
107725
107811
107835
107911
107973
107974
108008
108034
108043
108089
108103
108146
108154
108186
108194
108210
108226
108229
108268
108321
108439
108455
108528
108551
108662
108698
108710
108802
108806
108823
108834
108837
108920
108959
108974
108982
109104
109140
109170
109244
109247
109269
109326
109340
109343
109374
109547
109578
109676
109932
109937
109941
109984
109986
109991
110017
110047
110072
110217
110227
110283
110291
110315
110327
110342
110369
110435
110494
110497
110508
110519
110523
110554
110580
110607
110615
110639
110679
110685
110853
110861
110871
110901
110983
111009
111105
111124
111262
111281
111301
111322
111343
111449
111537
111676
111698
111757
111760
111781
111840
111854
111908
111919
111939
111943
112039
112048
112051
112122
112149
112153
112179
112190
112194
112204
112237
112251
112301
112311
112385
112422
112472
112489
112584
112606
112608
112676
112698
112755
112875
112892
112894
112896
112902
112966
113026
113032
113123
113149
113168
113287
113333
113431
113474
113578
113621
113673
113709
113809
113810
113852
114048
114146
114170
114233
114329
114426
114447
114509
114549
114557
114592
114618
114622
114732
114796
114828
114845
114887
114910
114943
115036
115065
115147
115249
115313
115319
115348
115375
115406
115451
115569
115624
115633
115644
115661
115708
115713
115762
115807
115922
115930
115953
115970
115986
116094
116117
116150
116328
116332
116361
116398
116427
116447
116476
116618
116625
116637
116677
116690
116703
116741
116793
116897
116916
116928
116934
116951
116961
116973
116978
117043
117060
117106
117174
117186
117216
117242
117258
117269
117278
117328
117416
117452
117477
117486
117529
117535
117578
117581
117602
117631
117682
117715
117772
117827
117890
117909
117912
117993
118047
118076
118104
118140
118142
118275
118348
118376
118380
118411
118412
118444
118447
118499
118530
118576
118656
118658
118702
118760
118783
118822
118829
118875
118876
118956
118996
119040
119103
119134
119149
119155
119195
119208
119249
119268
119375
119415
119472
119480
119592
119603
119663
119676
119678
119681
119752
119817
119844
119872
119913
120004
120007
120083
120089
120106
120173
120259
120309
120340
120352
120409
120499
120561
120629
120675
120683
120696
120712
120859
120906
120961
121092
121135
121158
121162
121259
121279
121358
121359
121397
121445
121446
121447
121521
121534
121550
121551
121665
121675
121696
121757
121825
121949
121952
122000
122061
122068
122123
122142
122184
122187
122206
122214
122278
122389
122413
122504
122509
122538
122574
122647
122700
122747
122780
122812
122861
122919
122954
123009
123013
123047
123107
123109
123171
123176
123220
123276
123323
123349
123406
123487
123552
123798
123803
123843
123904
123920
123927
123975
123978
123991
124052
124077
124165
124223
124235
124255
124271
124322
124369
124438
124463
124556
124560
124605
124641
124667
124695
124754
124799
124848
124893
124911
124913
124929
125053
125087
125155
125185
125277
125295
125329
125339
125368
125413
125424
125428
125562
125576
125621
125727
125736
125802
125838
125850
125883
125899
125902
125923
125934
126047
126107
126115
126148
126174
126185
126209
126220
126323
126333
126346
126359
126400
126412
126470
126472
126518
126522
126627
126725
126742
126748
126764
126784
126788
126817
126922
126969
127024
127055
127082
127162
127176
127189
127296
127319
127349
127352
127357
127416
127426
127427
127456
127472
127616
127631
127668
127682
127841
127867
127869
128039
128122
128314
128330
128368
128374
128430
128475
128498
128516
128573
128625
128674
128737
128783
128869
128955
129041
129126
129134
129211
129218
129228
129242
129280
129346
129387
129395
129419
129430
129454
129637
129677
129747
129790
129814
129821
129888
129927
129986
129997
130071
130123
130140
130145
130165
130223
130294
130423
130466
130494
130549
130588
130603
130613
130617
130618
130658
130681
130791
130836
130865
130871
130945
130976
131028
131068
131071
131073
131091
131174
131181
131222
131234
131243
131265
131275
131399
131401
131420
131507
131543
131597
131614
131626
131688
131751
131752
131763
131791
131894
131978
131995
132121
132138
132161
132186
132254
132342
132525
132544
132650
132740
132767
132783
132897
132898
132949
132955
132967
132992
133011
133019
133049
133105
133140
133164
133168
133205
133237
133251
133260
133271
133346
133414
133463
133506
133547
133607
133624
133677
133697
133700
133727
133821
133943
133961
134048
134074
134076
134097
134103
134124
134144
134169
134181
134200
134272
134304
134342
134369
134381
134390
134444
134448
134529
134566
134591
134618
134634
134691
134719
134733
134790
134870
134888
134892
134912
134925
135143
135159
135210
135211
135225
135286
135313
135316
135318
135325
135326
135328
135347
135621
135643
135663
135687
135733
135751
135763
135806
135837
135843
135873
135945
135967
135977
136027
136039
136062
136078
136262
136283
136290
136384
136401
136411
136505
136602
136663
136699
136713
136716
136747
136753
136789
136800
136802
136901
136932
136951
137067
137101
137108
137109
137158
137174
137202
137245
137254
137368
137405
137408
137426
137573
137628
137633
137732
137808
137816
137865
137869
137901
137975
138036
138072
138119
138120
138130
138143
138188
138200
138284
138288
138311
138323
138332
138383
138450
138476
138505
138518
138550
138554
138570
138609
138653
138663
138764
138791
138844
138877
138958
138960
138969
139010
139036
139039
139130
139180
139245
139248
139310
139337
139391
139393
139394
139474
139501
139668
139670
139696
139749
139770
139800
139829
139860
139879
139912
139932
139966
139972
140006
140089
140161
140346
140375
140538
140649
140680
140705
140836
140876
140881
140974
141057
141155
141169
141237
141424
141472
141578
141618
141624
141664
141696
141708
141757
141787
141929
141934
141998
142042
142068
142079
142102
142107
142153
142267
142274
142285
142304
142318
142498
142510
142602
142714
142726
142740
142742
142762
142784
142913
142915
143018
143052
143102
143197
143216
143424
143449
143490
143529
143543
143655
143660
143693
143797
143825
143862
143875
143880
143893
143907
143994
144002
144090
144120
144140
144214
144251
144320
144362
144387
144426
144598
144604
144646
144734
144737
144767
144772
144786
144818
144880
144900
144920
144942
144953
145026
145040
145042
145044
145050
145059
145116
145122
145139
145159
145263
145291
145352
145441
145466
145482
145547
145556
145621
145752
145754
145758
145821
145853
145857
145877
145930
145961
145966
146069
146107
146130
146150
146158
146266
146288
146435
146475
146482
146540
146558
146572
146584
146610
146658
146702
146722
146773
146777
146819
146821
146872
146902
146922
147001
147052
147068
147076
147090
147102
147261
147305
147398
147448
147460
147522
147534
147572
147576
147600
147647
147658
147672
147673
147677
147736
147739
147781
147815
147957
147962
148008
148072
148102
148110
148153
148185
148236
148251
148374
148376
148418
148471
148474
148516
148521
148572
148740
148760
148762
148866
148891
148921
148983
149029
149055
149056
149080
149126
149169
149188
149209
149244
149311
149339
149491
149512
149514
149544
149656
149670
149705
149769
149801
149896
149984
150013
150085
150090
150144
150145
150172
150223
150256
150271
150323
150360
150504
150563
150597
150601
150653
150715
150794
150940
151058
151059
151063
151124
151262
151265
151268
151289
151387
151422
151486
151510
151516
151564
151575
151616
151673
151730
151812
151819
151883
151886
151927
151944
151958
152057
152161
152191
152192
152198
152224
152310
152342
152373
152395
152397
152409
152426
152438
152452
152580
152620
152705
152709
152716
152744
152772
152774
152808
152881
152918
152956
152976
153071
153149
153204
153274
153286
153337
153383
153396
153419
153435
153442
153633
153670
153747
153755
153765
153829
153836
153846
153901
154013
154026
154064
154075
154128
154230
154288
154294
154366
154374
154383
154457
154602
154608
154622
154635
154660
154672
154713
154750
154812
154892
154917
154935
154942
154967
154982
154984
155322
155409
155515
155524
155531
155552
155662
155663
155727
155833
155845
155876
155972
155980
155986
156029
156065
156167
156218
156306
156375
156381
156412
156431
156486
156546
156556
156559
156566
156624
156634
156638
156660
156675
156717
156754
156768
156815
156831
156859
156898
156900
156910
156936
156949
157006
157076
157105
157285
157331
157332
157365
157387
157505
157525
157570
157629
157646
157657
157658
157689
157709
157728
157732
157740
157744
157752
157820
157877
157922
157942
158032
158034
158054
158071
158108
158125
158138
158146
158186
158189
158221
158230
158240
158255
158316
158363
158524
158535
158561
158572
158599
158622
158660
158679
158703
158776
158817
158821
158927
158945
158981
159122
159165
159320
159351
159352
159365
159426
159741
159849
159924
159949
159996
160000
160050
160089
160114
160137
160157
160177
160178
160226
160247
160272
160427
160446
160470
160512
160535
160676
160758
160773
160820
160926
161047
161051
161122
161160
161171
161187
161190
161196
161275
161354
161364
161511
161525
161558
161628
161646
161649
161690
161736
161781
161910
161918
161922
161939
161996
162008
162034
162058
162099
162117
162135
162156
162218
162239
162241
162425
162481
162558
162621
162671
162681
162689
162711
162731
162735
162741
162877
162888
162892
162897
162906
162926
162987
163015
163027
163101
163247
163257
163262
163344
163380
163401
163402
163405
163434
163437
163578
163647
163684
163725
163761
163832
163899
163920
163995
164042
164128
164131
164135
164155
164236
164238
164275
164351
164356
164383
164398
164404
164437
164626
164630
164670
164853
164914
164986
164987
165017
165035
165061
165079
165123
165177
165190
165225
165269
165351
165437
165554
165557
165645
165671
165717
165738
165776
165850
165858
165898
166102
166127
166148
166201
166238
166275
166276
166313
166344
166361
166391
166456
166467
166520
166535
166547
166561
166604
166616
166655
166685
166711
166807
166869
167030
167045
167055
167088
167138
167145
167197
167199
167225
167266
167377
167391
167392
167428
167448
167453
167523
167549
167567
167585
167686
167687
167847
167913
167931
167936
168022
168023
168053
168063
168079
168158
168178
168181
168233
168267
168272
168326
168452
168521
168527
168551
168636
168668
168676
168703
168764
168881
168922
168939
169005
169015
169019
169035
169054
169106
169123
169138
169154
169175
169179
169417
169518
169533
169539
169556
169582
169619
169633
169672
169675
169730
169738
169887
169957
170039
170085
170142
170209
170227
170239
170241
170242
170291
170297
170338
170363
170407
170534
170615
170647
170670
170695
170772
170790
170810
170939
170999
171103
171134
171145
171147
171197
171241
171249
171281
171367
171375
171451
171493
171511
171549
171649
171668
171672
171691
171733
171796
171807
171875
171954
171992
172101
172123
172131
172148
172152
172168
172181
172236
172281
172334
172355
172392
172475
172478
172488
172521
172534
172555
172616
172618
172647
172670
172741
172798
172802
172809
172811
172829
172878
172901
172916
172950
172964
173049
173089
173112
173165
173214
173304
173308
173351
173398
173436
173456
173533
173567
173570
173589
173652
173684
173690
173706
173722
173723
173743
173786
173940
174245
174249
174262
174276
174335
174344
174378
174421
174441
174507
174514
174542
174558
174683
174693
174709
174779
174795
174865
174902
174918
174922
175016
175018
175086
175159
175221
175280
175296
175324
175335
175336
175379
175386
175387
175435
175496
175533
175584
175602
175633
175690
175695
175738
175754
175778
175779
175794
175806
175819
175855
175870
175883
175889
175901
175915
175973
176012
176022
176078
176085
176097
176128
176149
176160
176219
176287
176318
176343
176395
176424
176482
176497
176519
176569
176606
176609
176673
176711
176716
176757
176776
176790
176885
176898
176927
176994
177045
177049
177067
177072
177082
177141
177144
177161
177228
177307
177333
177338
177470
177540
177550
177555
177645
177679
177682
177694
177705
177734
177740
177764
177833
177846
177883
178074
178091
178140
178221
178222
178226
178261
178304
178328
178352
178399
178428
178467
178477
178485
178522
178527
178542
178554
178577
178583
178585
178810
178919
178977
178991
178997
179022
179041
179055
179188
179198
179219
179256
179290
179312
179368
179403
179609
179611
179625
179634
179648
179665
179682
179721
179733
179751
179773
179780
179800
179872
179876
179910
179918
179928
179933
180095
180238
180306
180358
180368
180385
180417
180419
180442
180466
180531
180545
180564
180576
180655
180661
180680
180686
180703
180731
180781
180853
180871
180872
180896
180913
180934
180945
180946
180977
181019
181028
181113
181160
181179
181280
181350
181450
181453
181529
181546
181560
181581
181639
181648
181687
181773
181786
181845
181855
181886
181913
181923
181978
182028
182056
182098
182124
182155
182173
182412
182419
182429
182457
182495
182525
182606
182608
182747
182867
182882
182884
182895
182932
183049
183074
183110
183141
183191
183200
183228
183308
183361
183369
183438
183465
183583
183595
183597
183603
183631
183675
183737
183827
183893
183926
183932
183947
183952
183955
183958
183975
184065
184089
184110
184124
184152
184208
184263
184297
184311
184327
184346
184400
184459
184471
184509
184541
184572
184608
184621
184645
184657
184729
184757
184824
184828
184879
185002
185039
185048
185064
185128
185161
185300
185385
185396
185411
185438
185450
185467
185503
185520
185526
185585
185606
185712
185722
185740
185800
185848
185896
185929
186004
186020
186072
186090
186119
186158
186172
186189
186241
186300
186309
186457
186496
186520
186523
186530
186574
186714
186914
186919
186955
186980
187029
187109
187144
187146
187156
187165
187293
187302
187341
187373
187377
187381
187399
187458
187554
187569
187664
187673
187768
187925
187989
188071
188137
188146
188151
188189
188233
188262
188368
188375
188607
188611
188633
188783
188900
188911
189045
189063
189114
189122
189123
189147
189166
189191
189224
189269
189392
189445
189459
189460
189483
189491
189560
189588
189638
189662
189763
189764
189779
189807
189828
189852
189946
189948
189951
189963
189993
190014
190019
190143
190212
190261
190358
190423
190427
190492
190729
190741
190760
190773
190799
190800
190829
190837
190881
190948
190993
190997
191030
191061
191070
191095
191097
191231
191246
191273
191274
191318
191332
191352
191388
191399
191513
191523
191553
191604
191752
191798
191839
191848
192021
192097
192106
192188
192196
192198
192224
192238
192333
192355
192370
192415
192416
192419
192420
192444
192463
192581
192623
192629
192670
192698
192727
192746
192752
192778
192797
192887
192933
193017
193025
193035
193049
193052
193064
193082
193084
193130
193148
193171
193195
193215
193232
193254
193278
193340
193356
193411
193441
193484
193636
193650
193723
193855
193927
193985
194006
194055
194057
194070
194078
194153
194156
194158
194160
194255
194288
194345
194412
194514
194516
194540
194542
194545
194552
194574
194581
194671
194684
194685
194706
194735
194746
194767
194824
194845
194860
194901
194910
194943
194982
195017
195036
195046
195137
195206
195326
195383
195434
195470
195480
195527
195531
195541
195558
195605
195668
195687
195702
195773
195806
195925
196056
196090
196165
196170
196208
196239
196240
196317
196569
196572
196584
196649
196676
196683
196729
196773
196821
196840
196869
196927
196945
196955
196983
197042
197121
197206
197260
197285
197330
197332
197339
197348
197429
197462
197497
197511
197565
197589
197594
197603
197636
197674
197766
197796
197817
197839
197983
197995
197999
198043
198082
198165
198189
198232
198338
198381
198390
198411
198414
198451
198623
198660
198662
198663
198688
198711
198762
198795
198808
198820
198827
198863
198943
198967
199043
199059
199084
199259
199306
199365
199453
199478
199480
199537
199591
199752
199778
199787
199996
200021
200046
200088
200157
200171
200192
200229
200244
200247
200293
200300
200443
200475
200479
200504
200524
200611
200683
200727
200730
200745
200760
200767
200792
200808
200824
200845
200895
200934
200947
200977
200982
201047
201070
201120
201139
201170
201222
201234
201367
201389
201426
201461
201479
201487
201524
201590
201595
201609
201625
201669
201707
201710
201724
201727
201748
201778
201885
201912
201932
202029
202080
202256
202423
202444
202500
202518
202717
202718
202830
202854
202866
202892
202898
202934
202978
203197
203414
203429
203438
203440
203449
203473
203507
203510
203541
203563
203586
203614
203641
203683
203733
203739
203752
203764
203767
203852
203860
203884
203934
203969
203988
203994
204049
204185
204212
204224
204228
204268
204298
204309
204327
204369
204390
204468
204495
204546
204590
204606
204686
204697
204772
204812
204834
204859
204884
204888
204893
204964
205046
205069
205076
205133
205160
205220
205258
205354
205359
205415
205418
205421
205473
205505
205575
205576
205588
205609
205658
205736
205763
205860
205904
205907
205935
205948
205949
206000
206005
206128
206252
206312
206336
206430
206591
206684
206712
206836
206940
206966
206998
207007
207062
207078
207092
207138
207215
207272
207477
207488
207526
207594
207605
207610
207631
207657
207664
207709
207711
207844
207874
207892
207917
207929
208030
208037
208051
208074
208083
208158
208231
208240
208278
208284
208332
208381
208426
208427
208464
208474
208500
208520
208548
208561
208631
208702
208708
208728
208850
208968
208969
208973
208997
209090
209163
209185
209257
209419
209461
209603
209636
209652
209721
209781
209810
209838
209886
209896
209928
209956
210017
210067
210127
210131
210199
210229
210239
210240
210246
210271
210286
210328
210348
210422
210452
210475
210522
210532
210641
210659
210674
210703
210805
210827
210862
210958
210968
210971
210996
211039
211093
211223
211352
211354
211371
211373
211383
211462
211465
211488
211721
211745
211782
211792
211875
211882
211903
211913
211918
211989
212016
212042
212076
212090
212104
212116
212226
212230
212236
212265
212273
212326
212373
212408
212443
212460
212497
212579
212611
212716
212733
212757
212847
212859
212884
212920
212953
212977
213024
213041
213098
213121
213127
213199
213207
213253
213265
213271
213303
213332
213349
213457
213503
213522
213546
213587
213644
213752
213761
213814
213820
213831
213884
213903
213952
213953
213995
214046
214108
214136
214161
214182
214207
214274
214282
214353
214362
214385
214456
214488
214525
214555
214585
214687
214700
214782
214829
214839
214948
215116
215212
215341
215350
215360
215382
215443
215465
215471
215474
215477
215481
215488
215577
215606
215709
215755
215782
215841
215848
215869
215890
215896
215922
215938
215981
216019
216037
216055
216061
216072
216134
216135
216139
216163
216185
216210
216221
216234
216249
216275
216292
216296
216304
216344
216366
216464
216499
216534
216567
216600
216621
216643
216664
216721
216740
216755
216877
216903
216931
216946
217023
217030
217062
217109
217127
217162
217229
217230
217254
217278
217289
217319
217329
217414
217520
217588
217594
217626
217660
217677
217693
217732
217942
218128
218134
218148
218154
218156
218171
218272
218287
218348
218372
218433
218437
218559
218603
218660
218713
218780
218819
218823
218862
218901
218915
218935
218939
218961
218964
219006
219031
219087
219103
219106
219210
219211
219216
219240
219246
219252
219258
219438
219606
219657
219730
219749
219760
219790
219797
219813
219908
219925
219979
219991
220025
220042
220059
220067
220075
220167
220203
220220
220253
220294
220318
220352
220389
220416
220428
220433
220442
220484
220513
220578
220675
220785
220838
220900
220932
220944
220949
220960
221017
221060
221106
221255
221261
221360
221465
221508
221520
221587
221621
221644
221649
221749
221752
221889
221921
221963
222022
222100
222105
222121
222166
222192
222212
222294
222329
222422
222465
222466
222512
222515
222587
222618
222651
222679
222733
222739
222751
222761
222855
222862
222895
222992
223001
223006
223060
223085
223124
223128
223138
223179
223210
223214
223275
223278
223287
223322
223346
223405
223416
223452
223522
223542
223696
223728
223760
223761
223809
223814
223826
223830
223855
223877
223893
223909
223955
223988
224054
224068
224080
224100
224102
224181
224234
224236
224248
224251
224276
224411
224445
224458
224523
224550
224585
224590
224593
224601
224658
224720
224802
224812
224827
224841
224850
224862
224897
224901
225008
225009
225056
225066
225106
225109
225243
225249
225298
225336
225366
225371
225428
225459
225486
225699
225785
225789
225798
225860
225876
225897
225968
226012
226145
226154
226157
226269
226320
226370
226391
226490
226517
226538
226574
226610
226637
226660
226731
226733
226807
226842
226852
227024
227053
227107
227118
227240
227300
227310
227415
227443
227475
227495
227536
227553
227562
227586
227630
227686
227720
227748
227754
227756
227795
227886
227930
227983
228001
228017
228030
228106
228107
228108
228179
228192
228218
228220
228252
228271
228344
228357
228402
228417
228459
228490
228527
228529
228532
228624
228654
228659
228750
228778
228859
228867
228868
228884
228893
229001
229010
229086
229106
229224
229373
229392
229408
229420
229430
229444
229461
229484
229488
229503
229540
229597
229611
229699
229745
229798
229801
229802
229805
229854
229882
229892
229951
229967
230070
230076
230085
230102
230119
230135
230156
230235
230250
230273
230278
230287
230365
230366
230437
230549
230557
230562
230572
230582
230714
230725
230745
230763
231045
231096
231184
231335
231356
231401
231527
231546
231554
231584
231592
231624
231650
231693
231787
231795
231856
231866
231901
231934
231935
231968
232040
232065
232073
232148
232206
232215
232218
232261
232278
232363
232422
232465
232473
232501
232512
232560
232573
232619
232627
232690
232701
232709
232745
232804
232851
232862
232874
232894
232915
232942
232975
233057
233148
233187
233242
233266
233319
233331
233340
233450
233492
233519
233562
233567
233575
233592
233756
233775
233780
233874
233876
233958
234050
234094
234295
234303
234346
234381
234391
234436
234492
234509
234536
234537
234573
234574
234602
234607
234643
234658
234671
234736
234776
234826
234842
234903
234920
235023
235049
235084
235191
235272
235306
235324
235369
235404
235450
235540
235562
235637
235725
235729
235739
235787
235818
235844
235897
235904
235905
235924
235953
235963
236073
236181
236219
236222
236369
236372
236384
236429
236439
236501
236543
236636
236662
236699
236712
236718
236758
236785
236792
236799
236849
236863
236888
236898
236947
237117
237144
237150
237237
237294
237307
237383
237430
237452
237457
237484
237511
237539
237717
237740
237750
237752
237754
237795
237823
237849
237890
237902
237937
237948
238006
238020
238026
238087
238135
238159
238203
238353
238379
238403
238548
238579
238616
238667
238716
238729
238741
238825
238838
238893
238900
238943
238980
238984
238989
239011
239042
239053
239058
239157
239223
239227
239326
239352
239371
239394
239422
239436
239505
239534
239548
239550
239606
239619
239628
239639
239696
239700
239771
239775
240025
240079
240112
240136
240157
240186
240449
240467
240496
240501
240656
240676
240701
240729
240932
240945
240949
240969
241024
241048
241072
241082
241103
241109
241226
241235
241290
241316
241324
241364
241384
241445
241582
241647
241654
241657
241658
241664
241672
241740
241742
241746
241792
241851
241883
241955
241957
241964
241993
242037
242066
242163
242175
242233
242280
242344
242383
242401
242431
242453
242506
242541
242569
242594
242605
242838
242844
242875
242989
243004
243053
243090
243105
243107
243129
243156
243188
243338
243358
243381
243567
243598
243621
243747
243786
243807
243831
243840
243932
243971
243980
243982
244037
244082
244088
244156
244163
244202
244218
244222
244276
244285
244317
244362
244429
244512
244513
244515
244579
244615
244707
244710
244711
244844
244880
244890
244896
244897
244909
244924
244956
244966
245088
245167
245194
245210
245228
245252
245275
245287
245305
245340
245352
245378
245383
245410
245446
245476
245494
245511
245712
245815
245821
245925
245975
246004
246018
246072
246104
246139
246208
246248
246292
246315
246406
246413
246451
246469
246554
246639
246652
246671
246742
246767
246905
246906
246909
246976
247011
247102
247125
247180
247323
247409
247440
247442
247560
247571
247598
247748
247796
247905
247921
247929
247933
247957
247962
247982
248039
248113
248127
248170
248284
248299
248304
248310
248333
248335
248341
248429
248476
248586
248598
248727
248764
248813
248843
248939
249127
249176
249184
249193
249292
249314
249319
249356
249365
249373
249410
249415
249462
249518
249524
249526
249697
249735
249819
249853
249909
249918
249939
249970
250009
250023
250051
250065
250094
250104
250131
250166
250169
250229
250340
250359
250433
250435
250476
250572
250638
250699
250742
250756
250766
250814
250821
250822
250859
250913
250965
251026
251042
251048
251077
251109
251175
251215
251246
251297
251378
251477
251547
251548
251560
251579
251583
251588
251592
251593
251637
251649
251674
251675
251743
251746
251854
251879
251938
252001
252026
252041
252044
252050
252054
252117
252191
252232
252240
252340
252344
252363
252417
252425
252435
252473
252506
252535
252568
252583
252594
252608
252613
252645
252660
252678
252769
252836
252863
252921
252931
252982
252983
253081
253084
253104
253115
253121
253265
253366
253392
253402
253451
253465
253501
253540
253551
253584
253648
253666
253718
253743
253776
253851
253880
253886
253889
253961
254015
254060
254132
254166
254228
254230
254308
254323
254359
254433
254568
254628
254647
254656
254697
254756
254767
254811
254813
254816
254836
254840
254858
254883
254886
254902
254921
254967
254999
255021
255022
255030
255089
255141
255196
255338
255379
255465
255480
255520
255622
255711
255723
255752
255806
255827
255858
255863
255976
255998
256091
256105
256115
256136
256176
256258
256265
256371
256430
256517
256519
256542
256637
256661
256725
256727
256864
256880
256898
256921
256948
256995
257044
257061
257075
257187
257193
257317
257349
257391
257398
257418
257434
257472
257473
257489
257495
257578
257600
257659
257691
257695
257749
257775
257833
257904
257905
258025
258035
258039
258139
258169
258184
258189
258262
258344
258378
258391
258409
258468
258593
258600
258619
258822
258837
258948
258953
259022
259060
259137
259188
259263
259348
259394
259467
259488
259522
259629
259662
259726
259753
259789
259790
259829
259832
259871
259910
259962
259982
259983
259994
259996
260084
260096
260109
260115
260116
260131
260132
260206
260239
260260
260281
260336
260343
260351
260392
260405
260459
260509
260598
260620
260730
260731
260742
260785
260823
260864
260914
260946
260995
261003
261057
261061
261167
261261
261298
261305
261317
261337
261400
261429
261433
261491
261584
261601
261696
261764
261876
261884
261967
261969
261990
261995
261996
262006
262063
262102
262140
262178
262188
262219
262304
262405
262494
262501
262516
262552
262695
262742
262765
262794
262797
262842
262906
262907
262956
263002
263005
263034
263042
263055
263096
263124
263143
263252
263265
263278
263367
263399
263441
263451
263453
263457
263510
263511
263554
263629
263638
263740
263742
263759
263820
263834
263864
264047
264106
264135
264212
264243
264307
264398
264401
264408
264418
264435
264458
264462
264695
264698
264716
264724
264764
264813
264847
264857
264860
264871
264920
264972
265017
265063
265105
265168
265187
265261
265270
265272
265327
265353
265357
265360
265477
265498
265501
265546
265720
265792
265862
265922
265926
265960
266055
266093
266107
266125
266135
266148
266197
266229
266245
266472
266512
266582
266647
266724
266754
266804
266877
266887
266893
266905
266987
267005
267018
267035
267036
267097
267100
267184
267210
267211
267222
267271
267291
267299
267434
267440
267459
267466
267474
267550
267628
267641
267651
267693
267818
267891
268062
268092
268134
268151
268195
268220
268282
268334
268595
268616
268626
268690
268705
268719
268720
268723
268739
268783
268862
268872
268903
268948
268950
268982
269021
269106
269221
269267
269391
269443
269514
269539
269557
269574
269592
269602
269609
269653
269673
269708
269728
269796
269810
269850
269896
269920
270080
270136
270137
270185
270203
270262
270291
270332
270456
270542
270556
270618
270624
270653
270658
270666
270675
270789
270815
270849
270863
270889
270904
270915
270925
270947
270961
270964
271007
271015
271021
271032
271157
271246
271293
271317
271355
271385
271396
271402
271406
271441
271447
271479
271540
271542
271598
271612
271646
271650
271711
271713
271749
271821
271834
271862
271898
271906
271920
271936
271990
272193
272201
272226
272301
272311
272360
272385
272389
272436
272444
272451
272463
272541
272555
272624
272658
272726
272831
272841
272908
272917
272919
272996
273052
273104
273119
273152
273166
273228
273264
273404
273422
273546
273560
273621
273664
273677
273719
273722
273784
273838
273840
273878
273917
273959
273964
273989
274132
274147
274165
274183
274205
274207
274217
274312
274331
274336
274422
274427
274490
274763
274827
274843
274845
274877
274906
274924
274951
275014
275140
275148
275235
275259
275260
275273
275282
275284
275300
275377
275398
275417
275427
275455
275489
275555
275583
275590
275605
275682
275696
275731
275776
275791
275812
275833
275888
275899
275925
275942
275946
275963
276038
276111
276162
276190
276236
276324
276330
276346
276437
276479
276503
276592
276630
276656
276675
276739
276776
276783
276837
276843
276856
276861
276868
276879
276909
276914
276931
276935
276979
277020
277055
277073
277132
277138
277174
277232
277307
277337
277399
277415
277477
277489
277501
277510
277514
277544
277568
277606
277687
277698
277781
277817
277915
277980
277988
277991
278002
278078
278089
278127
278157
278177
278200
278250
278328
278344
278402
278470
278478
278522
278530
278559
278566
278579
278633
278638
278737
278757
278761
278852
278861
278904
278907
278928
278949
278958
279010
279049
279057
279116
279121
279130
279160
279189
279197
279251
279309
279424
279471
279479
279491
279537
279569
279600
279639
279698
279726
279755
279809
279859
279861
279915
279992
280017
280064
280129
280190
280218
280307
280313
280320
280393
280483
280525
280528
280532
280686
280703
280706
280720
280754
280798
280810
280962
280991
281064
281127
281129
281130
281131
281140
281188
281267
281268
281270
281360
281460
281521
281533
281536
281555
281881
281954
282031
282035
282036
282111
282179
282214
282228
282263
282284
282317
282359
282365
282445
282448
282492
282505
282513
282545
282562
282564
282578
282610
282629
282647
282664
282714
282773
282796
282943
282964
282976
282992
283031
283033
283096
283109
283114
283115
283141
283162
283224
283233
283265
283305
283477
283531
283602
283632
283695
283701
283799
284118
284145
284246
284262
284286
284290
284322
284366
284396
284413
284450
284464
284469
284493
284498
284512
284594
284601
284607
284667
284719
284775
284795
284819
284869
284875
284907
284913
284960
284963
284975
285028
285054
285078
285126
285142
285170
285192
285194
285274
285330
285476
285506
285538
285553
285555
285602
285615
285661
285667
285700
285739
285771
285802
285843
285934
285941
285987
286035
286073
286093
286125
286126
286127
286176
286252
286351
286435
286529
286554
286605
286629
286694
286705
286743
286789
286808
286832
286854
286881
286889
286896
286917
286979
287009
287010
287128
287146
287279
287312
287373
287381
287407
287482
287518
287580
287793
287810
287832
287843
287942
287958
288011
288048
288066
288086
288093
288128
288258
288270
288288
288413
288431
288456
288475
288504
288559
288562
288678
288681
288686
288699
288805
288859
288953
288983
289037
289078
289107
289253
289318
289334
289400
289471
289527
289536
289551
289569
289618
289623
289695
289710
289802
289849
289855
289858
289892
289916
289934
289982
290011
290051
290109
290152
290161
290176
290203
290229
290249
290353
290357
290383
290420
290505
290523
290615
290631
290632
290675
290704
290736
290752
290785
290864
290952
290985
291003
291008
291012
291047
291057
291060
291083
291126
291131
291137
291197
291227
291228
291249
291311
291366
291367
291469
291478
291479
291524
291532
291540
291609
291640
291641
291678
291692
291707
291737
291753
291831
291841
291863
291896
291959
291984
291988
292045
292076
292115
292127
292175
292233
292253
292274
292316
292336
292409
292442
292450
292488
292514
292536
292544
292546
292550
292564
292589
292688
292741
292742
292757
292806
292863
292889
292909
292916
293015
293075
293085
293109
293135
293168
293183
293195
293201
293271
293297
293345
293370
293501
293574
293576
293584
293603
293606
293632
293656
293797
293901
293922
293925
294033
294079
294099
294117
294139
294145
294220
294293
294336
294347
294523
294570
294608
294646
294714
294717
294800
294841
294949
294980
294981
294988
294997
295006
295038
295124
295142
295169
295180
295236
295276
295338
295360
295450
295640
295707
295723
295752
295780
295929
295942
295972
296033
296078
296080
296121
296197
296233
296235
296252
296255
296268
296269
296330
296336
296362
296399
296445
296478
296483
296484
296485
296500
296555
296557
296572
296610
296614
296632
296812
296915
296917
297001
297005
297068
297077
297253
297295
297297
297306
297360
297371
297391
297452
297456
297520
297523
297539
297582
297597
297613
297733
297748
297787
297812
297817
297854
297858
297883
297906
297983
297987
297988
297990
298023
298031
298054
298118
298140
298155
298224
298240
298339
298342
298343
298348
298386
298488
298583
298605
298650
298665
298831
298840
298878
298910
298918
298955
298961
299009
299030
299034
299072
299124
299214
299343
299432
299458
299468
299473
299522
299554
299602
299615
299695
299734
299770
299799
299800
299821
299839
299855
299934
299975
300038
300084
300094
300171
300210
300213
300236
300305
300319
300410
300471
300473
300490
300503
300513
300535
300599
300615
300745
300749
300760
300762
300790
300828
300848
300858
300870
300913
300949
300996
301113
301114
301129
301168
301178
301259
301386
301442
301446
301613
301670
301692
301779
301811
301840
301885
301916
301993
302018
302023
302043
302095
302115
302162
302260
302321
302362
302397
302399
302420
302636
302647
302662
302674
302803
302909
303059
303109
303169
303266
303368
303458
303495
303553
303585
303624
303694
303807
303860
303928
303968
303998
304045
304119
304189
304251
304257
304279
304306
304328
304385
304458
304531
304630
304666
304702
304750
304761
304814
305034
305044
305080
305110
305126
305145
305212
305238
305243
305273
305279
305285
305288
305326
305361
305362
305379
305398
305467
305489
305521
305687
305713
305720
305727
305829
305877
305958
306031
306038
306044
306164
306196
306244
306262
306280
306287
306302
306327
306395
306434
306442
306453
306499
306500
306546
306561
306594
306652
306685
306693
306744
306818
306839
306852
306857
306990
307001
307052
307054
307105
307108
307146
307167
307178
307223
307224
307245
307253
307292
307366
307375
307380
307423
307456
307489
307503
307565
307630
307844
307879
307907
307925
307960
307964
307965
307980
308021
308031
308119
308120
308182
308218
308250
308293
308414
308455
308487
308502
308704
308716
308757
308770
308782
308801
308830
308835
308836
308901
308923
308942
308959
308972
308999
309015
309059
309069
309193
309198
309205
309226
309376
309513
309578
309598
309610
309661
309732
309743
309799
309822
309874
309880
309891
309904
309973
309982
310036
310050
310073
310080
310147
310157
310171
310279
310356
310388
310397
310406
310448
310452
310527
310543
310557
310644
310669
310702
310813
310879
310888
310893
310914
310969
310975
311003
311030
311047
311056
311075
311103
311145
311189
311224
311240
311251
311254
311264
311290
311455
311501
311534
311610
311658
311672
311791
311806
311947
312071
312133
312135
312150
312179
312243
312272
312294
312399
312420
312458
312523
312545
312558
312565
312613
312684
312703
312705
312719
312879
312984
313021
313033
313042
313053
313131
313230
313235
313242
313284
313287
313288
313389
313393
313436
313443
313486
313539
313563
313569
313702
313771
313805
313825
313843
313883
313920
313977
313978
313994
314108
314128
314170
314185
314189
314201
314302
314348
314497
314515
314622
314661
314735
314740
314776
314830
314944
315019
315055
315144
315177
315239
315294
315334
315435
315436
315437
315528
315536
315594
315633
315746
315876
315900
315962
315965
315978
316058
316064
316067
316094
316163
316168
316229
316270
316350
316364
316382
316409
316430
316467
316470
316494
316519
316556
316583
316627
316703
316706
316721
316780
316809
316865
316958
316960
317004
317019
317154
317168
317189
317290
317329
317472
317770
317811
317857
317886
317904
317925
318010
318122
318139
318300
318313
318446
318449
318457
318462
318525
318573
318574
318598
318680
318839
318844
318908
318940
319015
319029
319058
319077
319078
319203
319208
319239
319282
319335
319368
319478
319505
319506
319539
319634
319635
319639
319654
319677
319699
319706
319707
319744
319759
319818
319820
319898
319925
319960
319964
319967
319987
320000
320051
320067
320177
320191
320210
320351
320386
320408
320435
320451
320453
320481
320523
320559
320670
320712
320741
320761
320805
320971
321047
321122
321126
321155
321188
321291
321295
321316
321332
321338
321351
321418
321420
321423
321451
321574
321579
321596
321600
321633
321805
321854
321863
321908
321930
321957
321968
322006
322034
322138
322163
322218
322244
322312
322367
322461
322609
322783
322880
322909
322927
322986
322998
323002
323025
323048
323050
323075
323110
323164
323168
323336
323371
323488
323532
323562
323563
323566
323574
323596
323665
323708
323774
323849
323881
323944
323959
323978
323992
324007
324008
324078
324096
324097
324101
324108
324162
324164
324181
324204
324297
324301
324334
324337
324338
324470
324520
324529
324532
324543
324695
324742
324760
324815
324928
324932
324937
324945
325005
325170
325187
325234
325261
325316
325348
325349
325404
325447
325453
325469
325503
325568
325578
325592
325612
325629
325654
325788
325874
325897
325917
325959
325990
326021
326039
326077
326108
326118
326131
326252
326283
326295
326358
326379
326414
326465
326480
326496
326507
326520
326635
326690
326764
326786
326847
326909
326922
326948
326985
327031
327034
327050
327096
327155
327176
327205
327206
327216
327257
327278
327339
327375
327390
327398
327403
327404
327416
327419
327559
327628
327636
327767
327804
327826
327893
327915
327920
327953
327959
328007
328035
328060
328072
328110
328119
328167
328177
328181
328253
328276
328387
328394
328468
328491
328493
328494
328504
328508
328551
328557
328585
328603
328638
328695
328739
328775
328781
328792
328864
328867
328881
329000
329013
329031
329033
329040
329106
329133
329137
329212
329215
329220
329229
329252
329274
329290
329376
329447
329488
329507
329509
329593
329721
329750
329825
329849
329854
329860
329878
329967
329969
330012
330098
330136
330148
330149
330271
330311
330333
330358
330372
330405
330442
330451
330566
330627
330633
330652
330657
330690
330742
330783
330800
330841
330862
330981
330995
331326
331347
331400
331441
331473
331498
331590
331614
331616
331675
331735
331774
331800
331812
331925
331948
331976
331980
332030
332033
332046
332057
332084
332118
332120
332182
332217
332241
332247
332384
332402
332416
332446
332489
332495
332501
332552
332562
332581
332633
332672
332719
332739
332762
332886
332888
332891
332942
332960
332987
332995
333000
333005
333056
333110
333126
333130
333173
333244
333253
333357
333370
333401
333417
333423
333517
333531
333609
333638
333691
333741
333747
333808
333812
333827
333830
333884
333908
333962
333998
334038
334054
334060
334069
334081
334112
334180
334236
334289
334424
334478
334516
334534
334546
334556
334578
334636
334662
334704
334730
334735
334774
334837
334882
334955
334977
335032
335043
335072
335075
335106
335135
335144
335254
335293
335334
335365
335438
335458
335479
335484
335510
335524
335554
335618
335644
335684
335698
335707
335716
335758
335811
335890
335891
336001
336034
336049
336085
336101
336112
336129
336173
336387
336399
336401
336416
336430
336448
336459
336499
336514
336545
336646
336698
336739
336757
336766
336841
336893
336913
336969
336980
337039
337041
337045
337063
337067
337070
337195
337213
337294
337320
337423
337502
337505
337507
337522
337579
337638
337644
337713
337715
337729
337740
337756
337759
337777
337866
337981
338021
338053
338098
338205
338220
338224
338229
338301
338313
338328
338337
338338
338362
338392
338420
338439
338460
338530
338609
338611
338630
338634
338657
338692
338795
338913
338914
338916
338930
338969
338994
339017
339113
339129
339159
339223
339231
339241
339249
339422
339433
339475
339480
339555
339596
339604
339635
339672
339683
339695
339712
339729
340006
340008
340016
340041
340050
340069
340098
340162
340186
340201
340207
340255
340267
340334
340405
340464
340548
340560
340581
340604
340630
340659
340660
340662
340734
340766
340780
340870
340886
341020
341094
341141
341193
341243
341266
341524
341549
341643
341677
341753
341761
341773
341792
341799
341804
341812
341834
341883
341894
341920
341923
341946
341967
341968
342077
342084
342168
342238
342247
342255
342277
342319
342378
342390
342435
342502
342554
342585
342594
342639
342668
342689
342709
342766
342825
342903
342982
343019
343024
343038
343057
343085
343092
343271
343368
343468
343469
343581
343602
343610
343633
343645
343748
343755
343759
343950
343963
343974
343994
343999
344005
344089
344098
344107
344182
344204
344226
344267
344290
344297
344314
344319
344332
344422
344427
344542
344620
344675
344692
344694
344711
344721
344763
344775
344791
344921
344954
344981
345011
345020
345037
345049
345158
345165
345190
345205
345237
345258
345306
345344
345436
345445
345489
345557
345645
345657
345660
345873
345930
345945
346003
346009
346059
346152
346159
346208
346228
346265
346310
346345
346347
346433
346437
346457
346469
346470
346473
346520
346614
346639
346703
346707
346795
346804
346814
346838
346982
346994
347095
347164
347172
347185
347191
347192
347261
347262
347315
347351
347353
347381
347433
347463
347631
347688
347760
347808
347978
347991
348003
348022
348179
348212
348339
348352
348392
348412
348492
348498
348608
348627
348689
348712
348721
348742
348759
348854
348981
348983
348988
349016
349031
349037
349052
349086
349275
349320
349359
349445
349564
349626
349678
349708
349795
349853
349871
349912
349921
349950
349957
350080
350122
350135
350149
350282
350284
350354
350378
350408
350435
350499
350539
350735
350767
350808
350926
350971
351022
351050
351094
351126
351166
351176
351188
351271
351284
351289
351294
351295
351343
351390
351412
351431
351549
351578
351612
351614
351625
351686
351704
351770
351824
351878
351908
351972
351999
352010
352092
352095
352096
352131
352160
352175
352211
352232
352396
352408
352416
352538
352602
352678
352690
352698
352783
352833
352890
352936
352954
353012
353014
353037
353070
353164
353271
353277
353329
353474
353512
353586
353649
353650
353675
353732
353771
353788
353792
353794
353831
353908
353992
354005
354104
354255
354260
354318
354385
354466
354509
354599
354610
354623
354780
354794
354840
354904
354915
354926
354932
354936
354980
354999
355090
355110
355205
355264
355305
355336
355364
355435
355494
355512
355578
355580
355601
355619
355639
355765
355799
355810
355826
355830
355871
355936
355959
355968
355997
356049
356110
356120
356123
356212
356240
356289
356319
356337
356354
356371
356452
356566
356570
356643
356679
356682
356690
356698
356756
356760
356773
356791
356862
356889
356964
356981
357013
357014
357065
357082
357087
357116
357133
357190
357262
357270
357304
357363
357414
357445
357446
357478
357487
357496
357526
357528
357569
357612
357623
357724
357741
357785
357819
357831
357920
357945
357953
358057
358075
358251
358328
358332
358337
358502
358610
358649
358654
358673
358684
358731
358741
358820
358823
358829
358880
358897
358919
358936
358987
359007
359022
359046
359099
359131
359150
359152
359183
359203
359209
359288
359423
359457
359488
359513
359609
359631
359640
359654
359656
359744
359746
359753
359829
359837
359852
359870
359881
359937
359950
359953
359994
360020
360091
360101
360142
360173
360225
360235
360257
360278
360338
360339
360387
360408
360416
360455
360505
360512
360522
360672
360678
360718
360726
360771
360845
360851
360898
360922
361004
361017
361032
361045
361203
361266
361290
361304
361380
361392
361422
361429
361517
361550
361585
361591
361642
361651
361665
361691
361779
361809
361835
361842
361878
361893
361913
361921
362018
362037
362058
362090
362139
362179
362186
362201
362224
362246
362301
362312
362331
362346
362353
362398
362418
362465
362466
362477
362486
362494
362530
362546
362551
362578
362587
362594
362619
362656
362661
362667
362704
362761
362898
363005
363010
363046
363049
363053
363067
363069
363117
363224
363240
363376
363419
363499
363504
363528
363531
363574
363579
363620
363641
363695
363739
363769
363957
364047
364053
364089
364116
364124
364135
364144
364179
364267
364280
364309
364324
364332
364416
364418
364445
364460
364480
364484
364515
364525
364531
364544
364560
364570
364654
364675
364790
364932
364943
364961
364966
365008
365120
365137
365196
365215
365217
365274
365290
365321
365384
365453
365501
365513
365522
365525
365540
365561
365578
365586
365744
365766
365796
365806
365810
365819
365849
365895
365901
365976
365989
365990
366101
366105
366136
366179
366199
366212
366232
366336
366382
366432
366453
366467
366511
366581
366591
366681
366692
366737
366765
366802
366876
366930
367171
367276
367280
367298
367347
367427
367472
367524
367532
367590
367616
367792
367810
367874
367989
368102
368177
368254
368299
368308
368347
368363
368469
368474
368505
368515
368520
368547
368679
368778
368855
368860
368874
368922
368962
368972
368998
369001
369003
369129
369167
369194
369221
369271
369276
369304
369307
369443
369451
369505
369512
369630
369702
369753
369761
369847
369917
369919
370013
370025
370090
370154
370191
370196
370262
370362
370421
370431
370443
370455
370464
370525
370557
370636
370649
370650
370696
370743
370891
371150
371151
371170
371191
371202
371260
371281
371297
371344
371347
371433
371474
371478
371550
371593
371600
371718
371729
371800
371815
371936
371959
371977
371986
372070
372072
372131
372149
372191
372285
372308
372333
372337
372373
372539
372618
372801
372831
372908
372926
372986
373049
373142
373146
373148
373153
373219
373303
373338
373357
373392
373553
373582
373602
373612
373628
373745
373747
373809
373839
373848
373953
373983
373996
374025
374027
374028
374063
374112
374125
374151
374165
374176
374187
374210
374224
374242
374286
374345
374350
374395
374396
374399
374402
374421
374503
374621
374662
374672
374764
374821
374838
374871
374961
375063
375113
375364
375495
375502
375513
375596
375685
375750
375754
375761
375808
375831
375845
375906
375935
375956
375982
376232
376248
376354
376389
376415
376421
376471
376605
376631
376642
376667
376669
376757
376769
376835
376840
376857
376870
376881
376897
376921
376954
377072
377079
377111
377189
377294
377385
377401
377406
377418
377443
377452
377509
377522
377545
377547
377559
377568
377697
377765
377796
377822
377890
378136
378150
378155
378164
378184
378232
378235
378280
378283
378302
378332
378373
378607
378622
378644
378688
378711
378881
378942
378946
378999
379077
379135
379169
379224
379241
379265
379325
379339
379376
379493
379594
379604
379718
379725
379734
379741
379859
379875
379892
379915
379924
379927
379938
379945
379984
380004
380011
380060
380073
380099
380150
380151
380159
380203
380207
380259
380282
380304
380355
380395
380412
380427
380439
380539
380543
380655
380697
380806
380857
380914
380965
381008
381130
381177
381179
381258
381265
381305
381346
381483
381511
381547
381568
381593
381605
381617
381703
381712
381714
381745
381792
381865
381891
381917
381931
381963
381975
382144
382147
382207
382212
382338
382438
382451
382476
382619
382622
382698
382793
382900
382906
382907
382914
382927
382990
383033
383102
383104
383171
383174
383182
383185
383208
383388
383390
383460
383513
383515
383578
383601
383609
383662
383682
383702
383717
383752
383778
383880
383908
383927
383985
384021
384145
384146
384158
384178
384222
384248
384288
384298
384306
384328
384329
384366
384373
384390
384467
384480
384494
384495
384568
384677
384873
384886
384910
384943
385038
385046
385048
385051
385094
385095
385117
385249
385351
385446
385556
385568
385599
385684
385717
385730
385772
385800
385843
385859
385861
385865
385892
385893
385960
385962
386052
386129
386149
386162
386194
386212
386217
386279
386299
386340
386422
386498
386512
386601
386662
386666
386820
386953
386984
387088
387224
387242
387257
387274
387365
387389
387392
387484
387486
387504
387532
387563
387605
387608
387701
387778
387787
387789
387856
387916
387925
387954
387965
388070
388090
388116
388159
388255
388266
388292
388297
388330
388346
388351
388373
388409
388442
388454
388463
388494
388495
388550
388562
388587
388589
388598
388601
388664
388676
388692
388755
388776
388954
389045
389078
389082
389162
389173
389214
389221
389224
389316
389321
389395
389461
389482
389519
389521
389623
389718
389744
389771
389789
389815
389835
389839
389909
389923
389932
390026
390061
390091
390125
390189
390228
390233
390249
390311
390317
390332
390334
390362
390434
390482
390515
390522
390591
390613
390677
390698
390700
390738
390750
390840
390848
390875
390933
390978
390991
391024
391039
391070
391144
391182
391228
391359
391366
391496
391548
391555
391569
391572
391594
391596
391663
391708
391778
391946
392074
392170
392290
392293
392306
392320
392416
392553
392559
392631
392709
392762
392771
392789
392835
392851
392859
392869
392873
392908
393054
393101
393145
393298
393352
393359
393397
393508
393605
393621
393659
393668
393754
393785
393839
393932
393942
393944
394008
394016
394084
394117
394136
394152
394155
394191
394197
394223
394243
394277
394298
394309
394380
394381
394411
394414
394432
394496
394596
394689
394789
394812
394855
394945
394961
394996
395009
395036
395042
395057
395180
395236
395299
395300
395333
395433
395522
395547
395583
395607
395631
395648
395756
395848
395850
395938
395969
395972
395981
396033
396075
396085
396089
396095
396115
396120
396173
396184
396211
396299
396353
396364
396449
396535
396584
396666
396677
396720
396769
396774
396802
396890
396912
396925
397011
397012
397022
397035
397037
397058
397077
397078
397312
397323
397368
397374
397407
397428
397435
397462
397538
397543
397582
397612
397683
397695
397778
397926
398026
398041
398056
398088
398089
398117
398175
398326
398347
398354
398383
398409
398470
398516
398525
398538
398628
398652
398721
398730
398747
398838
398844
398893
398990
398994
398999
399010
399013
399036
399103
399105
399320
399325
399404
399429
399436
399555
399558
399562
399599
399647
399676
399688
399709
399790
399809
399829
399847
399872
399930
399935
400008
400068
400137
400141
400172
400263
400323
400478
400494
400512
400527
400574
400610
400683
400853
400882
400922
400969
401087
401100
401122
401128
401131
401146
401214
401257
401271
401279
401283
401292
401375
401384
401404
401473
401481
401502
401519
401564
401588
401683
401752
401770
401820
401861
401882
401975
402000
402012
402020
402046
402079
402147
402186
402189
402449
402457
402485
402518
402613
402785
402793
402824
402828
402860
402865
402886
402902
402919
402940
402960
402962
402981
403035
403060
403110
403162
403165
403193
403214
403225
403237
403255
403268
403317
403337
403365
403478
403496
403521
403533
403546
403569
403651
403659
403704
403716
403797
403890
403892
403952
403978
404177
404187
404193
404277
404376
404392
404397
404448
404554
404555
404624
404648
404703
404727
404787
404805
404828
404857
404859
404890
404961
404964
404970
404972
405038
405124
405222
405260
405390
405434
405515
405576
405582
405614
405668
405672
405739
405836
405924
405932
405949
405961
405975
405978
405991
406001
406023
406066
406077
406121
406166
406169
406202
406270
406282
406335
406394
406412
406432
406436
406471
406513
406533
406538
406583
406624
406625
406674
406688
406798
406828
406991
407108
407173
407222
407265
407304
407315
407346
407394
407406
407429
407490
407508
407540
407582
407597
407628
407671
407696
407727
407766
408010
408074
408094
408132
408136
408175
408191
408235
