82
275
400
403
465
531
532
609
626
1573
1594
1647
1901
2087
2101
2182
2463
2679
2747
2954
2983
3764
3766
4035
4283
4871
4942
4991
4998
5086
5232
5379
5571
5591
5594
5905
6046
6140
6163
6455
6581
6922
7381
7559
7586
7627
7859
8016
8293
8449
8501
8515
8836
8917
8997
9022
9049
9183
9213
9215
9419
9518
9634
9694
10220
10349
10528
10642
10806
11036
11111
11806
11940
11966
11980
12059
12060
12284
12411
12577
12687
12981
13117
13169
13623
13640
13641
13829
14050
14255
14367
14506
14531
15216
15337
15946
16033
16114
16206
16285
