82
275
400
403
465
531
532
609
626
1573
1594
1647
1901
2087
2101
2182
2463
2679
2747
2954
2983
3764
3766
4035
4283
4871
4942
4991
4998
5086
5232
5379
5571
5591
5594
5905
6046
6140
6163
6455
6581
6922
7381
7559
7586
7627
7859
8016
8293
8449
8501
8515
8836
8917
8997
9022
9049
9183
9213
9215
9419
9518
9634
9694
10220
10349
10528
10642
10806
11036
11111
11806
11940
11966
11980
12059
12060
12284
12411
12577
12687
12981
13117
13169
13623
13640
13641
13829
14050
14255
14367
14506
14531
15216
15337
15946
16033
16114
16206
16285
16935
17089
17332
17490
17585
17639
17795
17825
18175
18291
18344
18377
18483
18700
18743
18809
18854
18898
18986
19076
19611
19812
19919
20105
20248
20290
20314
20762
20913
20984
21547
21739
21825
21846
21960
22545
22769
22792
22810
22897
22935
23244
23299
23571
23749
23996
24053
24206
24276
24389
24487
24493
24576
24894
25006
25194
25213
25328
25491
25749
25750
26168
26278
26346
26819
26897
26923
27254
27284
27302
27416
27616
27645
28205
28229
28424
28635
28738
28871
28985
29084
29176
29506
29968
30006
30100
30152
30432
30458
30475
30508
30589
30675
30777
30807
30822
30933
30939
30950
30995
31106
31117
31295
31342
31399
31587
31626
31917
32088
32648
32731
32781
32819
32883
32910
33312
33842
33854
34046
34170
34365
34424
35021
35071
35091
35212
35598
35805
35813
35847
35857
35950
36090
36129
36290
36412
36421
36738
36774
36810
36811
36924
36991
37279
37304
37403
37406
37659
37684
37692
37730
37812
37916
38029
38579
38590
38647
38775
38840
39006
39038
39140
39159
39240
39499
39555
39665
39811
39913
40552
40776
40993
41297
41817
41846
41892
42192
42266
42403
42425
43023
43211
43484
43786
43817
43871
44226
44252
44518
44572
44624
44791
44865
44868
45317
45342
45347
45523
45554
45558
45910
46145
46170
46203
46313
46330
46586
46596
46684
46709
46802
46840
46961
47185
47496
48119
48900
49049
49098
49171
49174
49278
49590
49776
49780
50059
50083
50330
50668
50787
50842
50945
50979
50992
51021
51123
51172
51337
51645
51722
52102
52386
52838
53065
53081
53246
53371
53488
53547
54004
54333
54513
54566
54571
54697
55213
55254
55489
55595
55689
55814
55953
56158
56414
56731
56931
57039
57060
57269
57489
57593
57675
58126
58188
58287
58446
58489
58517
58643
58773
59079
59130
59572
59683
60018
60180
60427
60444
60567
60585
60674
60681
60878
60995
61064
61122
61880
61948
61995
62083
62106
62217
62556
62666
62689
63132
63203
63295
63296
63329
63393
63494
64067
64236
64613
64622
64718
64992
65428
65488
65533
66053
66226
66365
66394
66420
66513
66604
66623
66823
66867
66946
66990
67181
67283
67350
67508
67712
67736
67738
67752
68294
68659
68952
69164
69176
69472
69665
69673
69856
69875
69958
70352
70415
70592
71032
71098
71187
71250
71272
71496
71683
72174
72582
72741
72742
73011
73078
73183
73321
73502
73584
73634
73876
74473
74525
74719
75014
75059
75389
75443
75492
75916
76152
76401
76456
76591
76644
76892
76945
77070
77158
77288
77320
77418
77449
77451
77452
77598
77810
78107
78245
78266
78413
78473
79165
79330
79745
79780
79782
79982
80187
80222
80239
80426
80442
80471
80475
80491
80553
80596
80752
80899
81264
81420
81721
81858
81895
82251
82524
82663
82778
82918
83302
83496
83497
83514
83595
83846
83920
83934
83942
84026
84334
84883
84891
85084
85733
86661
87206
87212
87813
87973
88195
88233
88351
88390
88461
88486
88900
88996
89446
89659
89692
89825
89832
89864
90013
90402
90558
91282
91343
91535
91684
92005
92024
92532
92749
92804
92809
92978
93147
93241
93286
93603
93907
93936
93982
94127
94685
94715
95058
95207
95323
95346
95399
95560
95846
95976
96147
96592
96758
96823
96893
96996
97018
97080
97254
97490
97632
97783
98063
98157
98273
98591
98605
98878
98916
98992
99011
99118
99337
99387
99405
99503
99768
99903
100045
100054
100055
100073
100286
100378
100429
100460
100505
100559
100646
100701
100719
100786
100859
100869
100943
100961
100999
101100
101186
101723
102129
102386
102658
102853
103289
103315
103699
103928
104020
104040
104210
104329
104640
104659
104996
105014
105066
105116
105137
105327
105405
105487
105595
105999
106224
106341
106715
107077
107148
107239
107317
107512
107674
107789
107859
107974
108004
108295
109158
109292
109343
109495
109589
110273
110282
110365
110384
110871
111095
111116
111319
111451
111465
111699
111808
111982
112533
112637
112832
112842
113059
113302
113327
113632
113980
114137
114309
114420
114522
114722
115158
115406
115456
115586
115934
116135
116374
116428
116433
116690
116986
117372
117493
117630
117715
117830
118256
118802
118814
119113
119192
119239
119439
119516
119637
119657
119789
119941
120018
120529
120549
120721
120767
120770
120794
120943
120972
121037
121280
121334
121362
121653
122008
122012
122316
122807
122833
123040
123072
123471
123550
123773
123947
124039
124054
124197
124262
124290
124362
124407
125041
125139
125276
125721
125814
125850
125977
126444
126675
127123
127274
127522
127526
127582
127627
127670
127675
127723
127923
128096
128299
128410
128469
128779
128925
128945
129302
129677
129687
130564
131207
131472
132233
132366
132498
132706
132726
132820
133232
133269
133504
133546
133700
133716
133921
134214
134216
134219
134291
134465
134532
134745
135103
135244
135415
135584
135600
135931
135963
136347
136792
136866
136920
137039
137055
137564
137686
137722
138007
138095
138289
138449
138578
138746
139044
139516
139564
139722
139751
139845
139870
139893
139900
140131
140591
140717
140908
141005
141019
141062
141147
141258
141547
141555
141799
141938
142128
142194
142265
142395
142447
142743
142876
142974
143021
143038
143315
143409
143613
143697
143795
144210
144308
144440
144509
144551
144615
144813
145057
145062
145405
145452
145569
145790
145990
146177
147232
147259
147331
147553
147596
148430
148796
148881
148909
148932
149052
149343
149354
149460
149575
149981
150496
150561
150759
151111
151119
151573
151576
151656
151809
151989
152438
152829
153255
153269
153286
153327
153712
153722
153781
153795
153837
153860
154110
154157
154322
154370
154601
154632
154703
154975
155140
155313
155318
155337
155355
155478
155698
155837
155872
155881
155930
156047
156062
156077
156286
156445
156504
157199
157291
157543
157797
157886
157976
158260
158638
158917
159161
159184
159467
159635
159680
159697
159974
160086
160245
160393
160444
160539
160658
160776
160812
160884
160972
160973
161365
161470
161501
161759
161820
161925
161951
162239
162287
162301
162390
162693
163230
163474
163502
163592
163874
164019
164022
164037
164288
164346
164363
164650
164693
164703
164865
165717
165736
165820
165901
166158
166215
166216
166446
166499
166703
166854
166913
166942
166947
166979
167167
167378
167436
167640
167840
167990
168328
168796
169206
169211
169500
169542
169759
170116
170445
170496
170962
171063
171161
171314
171412
171471
171536
171716
171772
171786
172131
172289
172341
172590
172729
173249
173347
173461
173611
173673
173757
174106
174167
174266
174504
174562
174582
174630
174701
174909
174951
175063
175129
175168
175237
175321
175426
175507
176048
176052
176598
176933
177685
177860
178306
178438
178622
178752
178809
178971
179497
179590
180015
180142
180225
180780
180832
181052
181198
181502
182083
182411
182429
182684
182735
182943
183026
183134
183315
183469
184032
184164
184220
184493
184713
185064
185094
185207
185232
185268
185329
186048
186071
186194
186294
186410
186454
186622
186990
187001
187159
187212
187369
187461
187493
187714
187937
188094
188306
188549
188569
188848
189283
189800
190183
190255
190493
190553
190646
190719
190735
190939
191025
191285
191462
191550
191619
191623
191661
192099
192431
192564
192729
192780
193012
193233
193862
193884
194213
194393
194430
194499
194728
195010
195018
195316
195595
195759
195837
195840
196394
196577
196672
197208
197500
197523
197538
197625
197659
197769
197979
198088
198197
198337
198398
198777
198814
199552
200059
200387
200441
200508
200551
200717
201042
201048
201261
201265
201689
201742
202018
202031
202139
202253
202290
202338
202549
202808
202832
202915
202954
203234
203580
203643
203731
203742
203837
203848
203858
203985
204136
204326
204523
204580
204760
204941
204999
205539
205867
205872
205897
206008
206424
206436
206439
206466
206569
206779
206783
206817
206869
207133
207371
207386
207444
207522
207653
207979
208017
208178
208276
208472
208640
209069
209143
209475
209663
209741
209861
209894
210322
210610
210879
211192
211386
211396
211435
211636
211645
211856
211866
211879
211960
212047
212279
212364
212652
212740
213102
213290
213354
213432
213644
213807
214202
214340
214492
214535
214801
214889
214938
214956
214965
215427
215652
215666
216010
216090
216231
216394
216395
216439
216458
216902
217305
217412
217543
217567
217680
217803
217994
218156
218617
218623
218942
219088
219171
219438
219738
220165
220329
220364
220401
220491
220497
221137
221238
221290
221588
221674
221706
221751
221828
222284
222320
222588
222796
223275
223681
223740
223959
224048
224063
224157
224256
224323
224366
224504
224642
224855
224896
224925
225375
225402
225456
225477
225478
225617
225646
225997
226042
226056
226217
226225
226430
226530
226541
226792
226919
227109
227135
227140
227423
227565
227718
227721
227888
228053
228176
228247
228335
228470
228591
228810
229034
229262
229285
229339
229553
229654
230007
230150
230220
230459
230654
230750
231086
231172
231199
231312
231400
231438
231636
231956
232059
232364
232383
233014
233232
233290
233338
233415
233947
233971
234457
234546
234552
234623
234647
234662
235096
235147
235171
235188
235302
235309
235331
235422
235457
235481
235486
235604
235624
235640
235798
236071
236158
236531
236544
236563
236619
236668
236739
237914
237975
238131
238677
238678
238823
238848
238865
238889
238911
239340
239472
239682
239697
239733
240389
240430
240495
240610
240963
241029
241066
241104
241114
241493
241564
241889
242213
242218
242351
242396
242400
242453
242687
242766
242997
243094
243124
243440
243518
243609
244101
244312
244331
244642
244714
244771
244835
244898
244927
244971
245108
245152
245160
245374
245452
246030
246032
246055
246247
246346
246417
246443
246478
246786
246814
247021
247314
247331
247387
247424
247586
247664
247840
247973
248092
248214
248339
248367
249026
249104
249653
249728
249773
250126
250140
250420
250424
250520
250800
250926
250947
251158
251258
251385
251483
251528
251572
251672
251697
251755
251868
251887
251944
252541
252703
252785
252972
253015
253350
253359
253402
253659
253727
253865
254059
254065
254340
254389
254683
254688
254769
254945
255116
255174
255204
255359
255402
255790
255854
255973
256059
256421
256424
256447
256959
257109
257145
257415
257833
257863
257988
258066
258180
258670
259284
259647
259762
259784
260188
260315
260318
260429
260489
260567
260574
260669
260769
260776
260837
260962
261049
261107
261249
261260
261472
261553
261735
261776
262302
262371
262457
262591
262626
262650
262671
262738
262856
262904
263088
263152
263224
263850
263939
264029
264100
264271
264333
264341
264736
264789
264999
265109
265253
265383
265422
265544
265735
265741
265933
265956
266116
266178
266236
266320
266439
266720
267328
267763
267935
268002
268053
268066
268106
268133
268153
268293
268317
268334
268397
268653
268762
268813
268816
269086
269129
269375
269525
269833
269955
270028
270201
270283
270388
270426
270520
270955
271402
271491
271727
271756
271783
272095
272229
272557
272717
273042
273060
273591
273841
273874
273914
274182
274331
274550
274648
275285
275329
275366
275414
275512
275668
275786
275870
276314
276431
276445
276668
276815
276863
276891
277063
277399
277402
277410
277454
277667
277730
277757
278305
278501
278593
278632
278696
278761
278877
278984
279088
279121
279142
279308
279450
279506
279526
279811
279857
279903
280002
280094
280100
280285
280494
280782
280843
280956
280993
281208
281265
281347
281492
281496
281514
281851
282460
282522
282600
282641
282693
282797
283108
283268
283326
283574
283903
283927
284013
284311
284358
284486
284535
284659
284993
285014
285066
285214
285232
285292
285361
285439
285721
285777
285797
285832
286271
286300
286323
286381
286453
286602
286776
287194
287576
287595
287623
287860
287973
288289
288441
288536
288622
288916
288957
289221
289516
289571
289636
289705
289751
289840
289920
290004
290009
290064
290095
290115
290221
290571
290871
291171
291295
291431
291525
291605
291834
292236
292388
292748
293008
293036
293421
293427
293565
293975
294059
294083
294337
294393
294397
294479
294680
294742
294787
294805
295051
295246
295423
295434
295755
295880
295896
295908
296174
296230
296318
296534
296549
296978
297173
297247
297695
297854
297933
297981
298011
298029
298133
298419
298573
298596
298776
298798
298834
298886
298924
298934
299028
299125
299172
299185
299391
299418
299435
299493
299600
299840
300292
300363
300399
300508
300531
300742
300842
301158
301284
301581
301629
302308
302471
302654
302686
302738
303094
303121
303198
303515
303601
303828
303830
303883
303986
304087
304107
304140
304382
304954
305499
305694
305889
305979
306018
306134
306291
306437
306518
306958
307057
307211
307464
307525
307650
307875
307954
307958
308012
308079
308229
308344
308567
308700
308702
308884
308899
308901
309261
309681
309689
309690
309724
309957
310039
310258
310283
310338
310378
310444
310561
310775
310801
310975
311000
311050
311177
311476
311566
311614
311618
311929
312008
312102
312142
312232
312318
312336
312449
