12
14
16
25
29
50
59
75
81
128
135
164
166
175
208
209
217
243
245
246
268
279
287
293
312
321
333
334
336
338
346
371
423
451
452
453
475
476
494
507
511
519
537
540
544
546
549
571
584
586
611
633
643
662
669
683
694
695
700
708
718
787
795
810
818
823
832
839
843
849
861
863
876
881
884
894
908
913
916
919
926
930
948
951
955
957
969
991
1009
1013
1016
1024
1041
1059
1063
1067
1071
1080
1082
1105
1107
1110
1116
1123
1144
1148
1151
1155
1175
1179
1180
1193
1202
1208
1216
1236
1237
1249
1255
1256
1281
1301
1314
1318
1347
1374
1386
1390
1399
1400
1406
1438
1480
1485
1489
1490
1508
1510
1533
1543
1551
1552
1556
1562
1595
1599
1625
1629
1635
1636
1641
1673
1685
1689
1700
1708
1722
1725
1728
1734
1741
1780
1832
1842
1844
1849
1862
1865
1902
1924
1932
1942
1946
1961
1968
1980
2008
2020
2022
2025
2065
2071
2117
2130
2140
2154
2161
2170
2176
2205
2211
2227
2234
2248
2250
2261
2285
2292
2293
2323
2339
2352
2367
2378
2382
2385
2390
2396
2430
2483
2525
2530
2532
2541
2547
2552
2557
2560
2564
2576
2597
2605
2628
2629
2633
2642
2658
2669
2680
2695
2700
2701
2711
2718
2728
2730
2744
2775
2777
2794
2805
2813
2841
2862
2906
2913
2924
2955
2971
2995
3029
3032
3037
3043
3046
3050
3064
3065
3085
3088
3097
3109
3113
3115
3118
3137
3180
3201
3217
3218
3234
3251
3256
3263
3273
3275
3289
3293
3295
3315
3331
3333
3335
3365
3379
3382
3389
3393
3442
3445
3463
3496
3498
3529
3536
3555
3561
3565
3576
3579
3593
3624
3649
3659
3666
3692
3733
3756
3775
3776
3784
3791
3792
3796
3799
3816
3819
3824
3825
3826
3827
3840
3862
3889
3903
3946
3969
3975
3988
3995
3996
4010
4015
4029
4045
4046
4047
4048
4063
4070
4079
4085
4086
4089
4097
4104
4121
4122
4129
4146
4175
4178
4186
4199
4204
4205
4207
4212
4234
4238
4246
4256
4264
4270
4281
4287
4300
4318
4319
4323
4329
4342
4343
4353
4371
4373
4374
4378
4408
4419
4439
4445
4448
4457
4483
4500
4506
4511
4527
4536
4550
4557
4561
4568
4582
4592
4617
4620
4624
4627
4632
4638
4639
4649
4663
4664
4667
4682
4690
4692
4698
4712
4723
4732
4737
4738
4763
4789
4801
4824
4831
4836
4838
4845
4848
4853
4866
4867
4882
4886
4924
4928
4976
4989
5000
5009
5015
5019
5022
5029
5030
5033
5035
5047
5056
5057
5089
5096
5102
5117
5131
5139
5146
5149
5156
5165
5170
5185
5192
5206
5212
5234
5235
5249
5268
5275
5278
5292
5294
5299
5308
5317
5320
5322
5328
5347
5360
5369
5372
5376
5387
5394
5400
5406
5416
5432
5433
5434
5454
5455
5461
5464
5486
5500
5501
5532
5533
5546
5565
5572
5577
5578
5579
5584
5604
5605
5609
5618
5624
5625
5635
5646
5647
5650
5656
5657
5659
5662
5663
5681
5692
5696
5705
5717
5726
5732
5735
5741
5746
5752
5754
5755
5771
5772
5773
5779
5784
5786
5788
5790
5800
5808
5813
5814
5845
5880
5888
5909
5913
5915
5927
5934
5937
5971
5997
6011
6021
6022
6029
6033
6039
6047
6048
6049
6076
6088
6102
6112
6170
6195
6197
6198
6201
6206
6207
6209
6272
6294
6313
6333
6334
6346
6351
6354
6364
6384
6394
6401
6402
6412
6436
6443
6446
6451
6491
6501
6502
6521
6526
6533
6540
6555
6563
6572
6579
6597
6603
6609
6614
6619
6636
6651
6662
6666
6679
6711
6722
6723
6732
6768
6771
6775
6787
6791
6841
6842
6844
6845
6852
6854
6856
6860
6863
6870
6874
6878
6882
6886
6903
6906
6909
6914
6929
6938
6946
6952
7008
7035
7044
7046
7066
7070
7075
7092
7101
7137
7173
7185
7188
7189
7198
7200
7243
7254
7267
7269
7293
7304
7332
7345
7352
7372
7375
7384
7390
7394
7406
7414
7415
7417
7423
7426
7441
7443
7471
7496
7518
7545
7549
7564
7565
7568
7581
7591
7602
7607
7631
7637
7652
7654
7658
7662
7665
7666
7669
7714
7732
7736
7737
7754
7765
7773
7774
7780
7781
7789
7792
7793
7809
7819
7832
7838
7871
7941
7944
7946
7953
7958
7968
7992
8005
8009
8011
8027
8041
8050
8060
8069
8070
8082
8096
8101
8107
8123
8130
8132
8143
8145
8150
8163
8174
8186
8191
8226
8243
8253
8255
8257
8266
8277
8288
8292
8338
8359
8374
8376
8402
8403
8406
8410
8411
8412
8422
8426
8439
8444
8451
8467
8469
8474
8492
8494
8503
8553
8579
8587
8594
8604
8609
8613
8617
8629
8632
8634
8635
8640
8652
8654
8671
8701
8703
8706
8730
8736
8768
8787
8820
8825
8838
8854
8875
8876
8907
8925
8930
8932
8935
8946
8954
8968
8973
8975
8986
8988
8991
9047
9051
9063
9094
9124
9126
9134
9139
9145
9154
9225
9230
9231
9259
9277
9284
9285
9299
9320
9336
9342
9357
9381
9384
9389
9390
9397
9410
9412
9416
9422
9423
9432
9451
9460
9511
9529
9530
9535
9537
9543
9544
9545
9552
9569
9586
9596
9598
9602
9603
9605
9623
9627
9631
9632
9633
9640
9652
9654
9656
9661
9677
9706
9716
9720
9736
9745
9746
9749
9770
9773
9787
9789
9790
9795
9801
9819
9849
9851
9852
9876
9881
9883
9892
9902
9913
9915
9920
9924
9925
9943
9947
9949
9961
9985
10002
10016
10027
10033
10067
10088
10091
10102
10140
10144
10150
10164
10168
10171
10179
10182
10188
10201
10202
10245
10248
10258
10287
10354
10357
10361
10367
10374
10380
10406
10425
10427
10444
10448
10451
10483
10499
10506
10518
10532
10537
10544
10552
10554
10568
10570
10578
10581
10584
10587
10596
10607
10624
10644
10645
10655
10663
10677
10684
10716
10720
10723
10730
10746
10757
10767
10782
10787
10791
10807
10813
10828
10834
10846
10852
10856
10859
10865
10874
10880
10886
10907
10920
10922
10928
10951
10954
10958
10962
10965
10968
11021
11022
11024
11025
11035
11042
11059
11072
11084
11097
11113
11119
11141
11146
11165
11166
11177
11200
11214
11219
11239
11242
11255
11260
11262
11284
11286
11289
11293
11302
11310
11325
11345
11354
11364
11365
11377
11380
11382
11394
11410
11422
11428
11436
11443
11458
11471
11473
11482
11490
11504
11521
11525
11531
11536
11542
11547
11548
11549
11559
11560
11567
11582
11584
11619
11630
11632
11638
11642
11651
11664
11670
11672
11677
11721
11772
11777
11814
11822
11836
11841
11843
11845
11848
11852
11855
11871
11882
11889
11890
11893
11926
11929
11937
11954
11955
11968
11973
11974
11987
12016
12036
12090
12119
12120
12125
12144
12155
12175
12228
12232
12268
12271
12297
12319
12344
12350
12378
12391
12395
12414
12423
12433
12438
12453
12454
12468
12485
12505
12509
12535
12542
12565
12587
12597
12603
12604
12606
12609
12632
12646
12651
12662
12664
12666
12692
12711
12714
12715
12726
12727
12731
12732
12743
12754
12756
12783
12797
12798
12805
12809
12826
12836
12861
12872
12873
12885
12888
12889
12905
12913
12952
12954
12956
12988
12989
12999
13011
13028
13048
13053
13054
13068
13088
13110
13112
13126
13153
13164
13194
13195
13222
13248
13255
13272
13296
13314
13323
13329
13340
13348
13366
13393
13416
13418
13434
13507
13520
13521
13522
13527
13539
13540
13546
13552
13576
13580
13581
13586
13595
13615
13618
13634
13652
13662
13672
13677
13678
13680
13686
13697
13705
13722
13741
13752
13757
13759
13777
13783
13787
13790
13812
13853
13857
13871
13874
13880
13881
13882
13884
13917
13925
13934
13938
13982
14044
14078
14105
14129
14140
14143
14155
14160
14188
14196
14222
14240
14256
14282
14284
14296
14299
14322
14346
14353
14370
14372
14384
14390
14393
14398
14416
14433
14436
14440
14444
14448
14462
14468
14509
14511
14515
14533
14535
14536
14563
14570
14593
14594
14602
14638
14644
14659
14661
14679
14688
14696
14707
14740
14742
14745
14750
14765
14771
14793
14800
14816
14830
14831
14834
14837
14840
14859
14863
14876
14881
14883
14891
14894
14899
14900
14935
14944
14958
14959
14967
14972
14981
14983
14986
14987
14994
14996
14997
14999
15013
15033
15034
15051
15063
15082
15121
15159
15183
15185
15187
15191
15197
15207
15245
15252
15277
15284
15285
15294
15299
15309
15320
15326
15334
15342
15346
15348
15350
15365
15371
15379
15382
15407
15410
15419
15422
15433
15435
15444
15449
15457
15473
15475
15514
15516
15532
15537
15538
15541
15561
15576
15581
15587
15616
15617
15618
15629
15630
15648
15697
15701
15717
15749
15757
15767
15768
15778
15785
15805
15810
15816
15837
15866
15869
15873
15878
15880
15887
15909
15911
15918
15919
15938
15939
15969
15970
15990
16007
16013
16068
16090
16097
16098
16130
16139
16169
16176
16178
16183
16207
16208
16210
16217
16234
16238
16239
16243
16253
16269
16281
16333
16384
16404
16413
16414
16429
16433
16442
16486
16495
16498
16538
16600
16627
16637
16643
16654
16681
16685
16690
16707
16715
16723
16727
16728
16740
16764
16766
16793
16802
16803
16844
16857
16860
16868
16870
16873
16893
16920
16933
16960
16972
16979
16982
16984
16992
17003
17011
17025
17032
17055
17059
17060
17062
17063
17075
17083
17099
17106
17130
17137
17148
17153
17156
17162
17169
17173
17175
17177
17178
17181
17183
17198
17216
17219
17225
17230
17233
17245
17253
17257
17278
17280
17283
17331
17340
17354
17374
17377
17385
17393
17398
17401
17410
17438
17525
17547
17548
17581
17582
17592
17613
17627
17629
17630
17640
17642
17643
17645
17651
17652
17660
17665
17679
17694
17699
17710
17713
17715
17723
17731
17734
17764
17781
17792
17796
17799
17813
17820
17821
17823
17838
17840
17857
17861
17867
17868
17873
17901
17906
17907
17909
17923
17932
17940
17942
17956
17957
17972
17982
17994
18014
18024
18056
18062
18069
18070
18103
18109
18124
18129
18145
18166
18177
18181
18195
18213
18241
18246
18247
18249
18267
18272
18279
18285
18287
18293
18303
18323
18326
18340
18342
18358
18385
18400
18415
18424
18432
18438
18440
18445
18458
18462
18467
18475
18478
18503
18511
18516
18546
18575
18587
18590
18598
18600
18627
18637
18650
18661
18662
18666
18680
18683
18684
18690
18714
18730
18736
18752
18774
18789
18797
18800
18811
18818
18842
18857
18883
18890
18892
18944
18948
18950
18970
18989
18991
18998
19016
19019
19031
19050
19056
19058
19084
19089
19103
19111
19116
19125
19139
19142
19143
19145
19148
19158
19159
19166
19170
19172
19179
19215
19225
19229
19289
19305
19306
19316
19324
19329
19358
19363
19385
19391
19397
19415
19416
19492
19496
19501
19507
19518
19531
19590
19593
19594
19608
19625
19627
19628
19648
19668
19681
19698
19715
19723
19724
19731
19752
19759
19760
19771
19788
19789
19797
19832
19839
19848
19860
19878
19894
19895
19898
19913
19923
19935
19938
19940
19952
19961
19964
20001
20002
20026
20037
20045
20075
20078
20098
20102
20118
20119
20146
20153
20177
20178
20189
20214
20234
20238
20242
20280
20298
20302
20318
20336
20343
20349
20351
20360
20394
20395
20397
20408
20410
20433
20440
20441
20445
20466
20477
20490
20492
20503
20509
20529
20531
20538
20546
20553
20593
20632
20633
20644
20647
20670
20677
20707
20713
20719
20720
20768
20774
20777
20788
20789
20799
20809
20814
20821
20839
20841
20855
20861
20881
20883
20894
20896
20903
20915
20916
20917
20919
20920
20939
20954
20975
20980
20996
21000
21018
21020
21032
21033
21037
21058
21093
21097
21110
21115
21125
21141
21145
21148
21156
21160
21170
21175
21180
21195
21213
21216
21220
21246
21264
21268
21280
21301
21317
21323
21330
21339
21348
21350
21358
21367
21379
21383
21421
21437
21457
21458
21468
21518
21521
21522
21533
21558
21561
21562
21563
21566
21567
21577
21609
21637
21651
21688
21735
21736
21750
21760
21764
21766
21789
21790
21800
21812
21826
21841
21844
21863
21864
21872
21876
21880
21883
21896
21901
21905
21906
21911
21915
21953
21961
21976
21996
22024
22025
22033
22034
22085
22089
22091
22094
22095
22099
22122
22127
22162
22184
22188
22195
22210
22222
22225
22244
22262
22264
22330
22347
22368
22369
22382
22383
22407
22432
22461
22468
22481
22482
22490
22514
22525
22567
22569
22570
22574
22583
22623
22633
22642
22643
22653
22676
22690
22692
22696
22702
22707
22722
22737
22745
22749
22765
22780
22788
22811
22812
22819
22822
22829
22839
22878
22890
22908
22911
22931
22933
22940
22941
22944
22957
22967
22969
22970
22978
22979
22992
23001
23014
23021
23023
23028
23053
23055
23059
23073
23078
23082
23088
23092
23093
23101
23102
23109
23110
23117
23119
23126
23151
23160
23162
23164
23170
23194
23195
23230
23237
23253
23256
23270
23285
23308
23333
23336
23338
23354
23355
23357
23374
23377
23380
23409
23414
23418
23422
23424
23427
23451
23469
23477
23482
23483
23496
23507
23512
23517
23522
23527
23534
23548
23578
23591
23603
23609
23612
23633
23650
23653
23658
23666
23667
23670
23672
23683
23693
23695
23709
23713
23718
23752
23755
23760
23764
23779
23791
23796
23802
23818
23819
23827
23828
23831
23844
23852
23864
23868
23892
23908
23924
23925
23926
23930
23943
23960
23971
23975
23976
23981
24003
24004
24009
24015
24017
24033
24054
24079
24081
24083
24108
24156
24183
24194
24196
24202
24214
24220
24221
24228
24234
24265
24270
24271
24274
24283
24290
24302
24321
24323
24362
24370
24378
24387
24394
24416
24424
24430
24431
24445
24457
24477
24478
24484
24491
24494
24497
24499
24502
24507
24543
24575
24578
24584
24600
24610
24618
24629
24641
24658
24703
24714
24720
24757
24839
24898
24932
24945
24960
24961
24981
24989
24992
24996
24997
25000
25002
25004
25008
25017
25041
25049
25061
25063
25065
25067
25076
25078
25079
25084
25093
25097
25102
25110
25112
25115
25126
25147
25155
25157
25175
25179
25188
25202
25204
25205
25208
25222
25234
25242
25255
25304
25312
25322
25347
25351
25355
25358
25372
25377
25386
25396
25423
25446
25452
25460
25466
25474
25484
25488
25493
25520
25522
25527
25528
25533
25547
25551
25557
25565
25569
25585
25588
25590
25609
25618
25619
25626
25631
25643
25652
25659
25665
25680
25681
25684
25703
25706
25708
25722
25737
25742
25753
25759
25760
25766
25769
25770
25779
25803
25811
25836
25856
25858
25863
25875
25882
25896
25900
25905
25920
25922
25939
25953
25955
25967
25969
25973
25988
25995
26002
26026
26036
26042
26063
26068
26075
26108
26110
26128
26129
26132
26134
26163
26167
26179
26181
26190
26192
26204
26207
26208
26226
26233
26237
26238
26243
26256
26258
26259
26267
26270
26274
26292
26293
26294
26312
26313
26331
26348
26360
26376
26390
26409
26417
26421
26427
26438
26448
26456
26459
26461
26465
26475
26489
26494
26505
26508
26519
26523
26524
26532
26534
26535
26541
26546
26547
26571
26575
26577
26583
26591
26619
26620
26633
26637
26652
26673
26698
26703
26721
26753
26765
26768
26791
26794
26798
26801
26805
26894
26896
26901
26922
26924
26931
26936
26954
26955
27017
27045
27056
27065
27068
27077
27080
27088
27129
27133
27136
27139
27151
27161
27187
27198
27199
27224
27272
27274
27275
27281
27289
27305
27309
27322
27323
27324
27334
27355
27375
27387
27404
27432
27435
27450
27518
27521
27522
27529
27561
27562
27570
27573
27579
27597
27602
27605
27613
27629
27634
27641
27648
27653
27674
27682
27684
27704
27713
27728
27732
27745
27762
27772
27777
27805
27814
27820
27832
27834
27835
27853
27859
27917
27920
27941
27945
27958
27961
27971
28009
28015
28024
28033
28036
28066
28071
28077
28097
28110
28120
28128
28130
28136
28138
28144
28145
28161
28166
28174
28175
28178
28179
28181
28183
28236
28237
28239
28248
28257
28284
28285
28296
28308
28310
28322
28325
28342
28359
28397
28400
28404
28422
28433
28447
28448
28468
28483
28489
28493
28501
28504
28510
28523
28529
28532
28545
28555
28567
28569
28571
28582
28600
28601
28639
28644
28669
28673
28675
28676
28693
28705
28713
28717
28719
28720
28724
28729
28758
28764
28776
28795
28797
28802
28807
28819
28842
28843
28844
28854
28864
28869
28879
28883
28892
28895
28908
28918
28927
28928
28971
28997
29014
29026
29028
29032
29056
29058
29060
29072
29074
29138
29152
29153
29157
29158
29177
29182
29186
29205
29215
29218
29232
29235
29265
29269
29273
29278
29281
29287
29321
29322
29324
29330
29332
29340
29358
29369
29399
29407
29415
29417
29435
29450
29456
29469
29470
29475
29486
29492
29512
29518
29519
29522
29533
29534
29554
29564
29566
29570
29584
29585
29601
29609
29636
29643
29661
29677
29686
29708
29715
29724
29734
29744
29753
29763
29798
29799
29802
29836
29846
29870
29876
29887
29889
29893
29898
29899
29903
29906
29911
29917
29932
29942
29950
29972
30021
30040
30049
30051
30057
30058
30077
30098
30104
30107
30118
30160
30162
30169
30181
30202
30206
30208
30213
30224
30234
30252
30257
30261
30276
30294
30297
30299
30308
30314
30316
30321
30331
30343
30350
30355
30377
30383
30402
30420
30434
30441
30446
30453
30463
30471
30486
30493
30498
30499
30500
30518
30536
30544
30567
30573
30581
30584
30588
30597
30609
30633
30639
30651
30652
30664
30716
30730
30733
30750
30767
30770
30785
30819
30836
30843
30872
30887
30893
30899
30902
30908
30927
30936
30944
30974
30976
30979
30985
30987
30988
31019
31031
31049
31062
31063
31070
31071
31107
31114
31123
31126
31129
31130
31133
31137
31143
31185
31203
31205
31216
31228
31242
31246
31257
31269
31270
31272
31273
31281
31297
31300
31304
31306
31322
31324
31357
31362
31366
31375
31406
31414
31426
31433
31446
31453
31457
31460
31472
31485
31492
31493
31517
31535
31541
31543
31552
31556
31560
31562
31578
31584
31595
31606
31607
31610
31615
31627
31643
31645
31655
31661
31668
31670
31674
31694
31715
31718
31726
31742
31777
31788
31832
31835
31843
31862
31881
31883
31901
31918
31921
31927
31935
31946
31951
31952
31988
32022
32029
32039
32048
32054
32074
32092
32107
32128
32137
32148
32160
32183
32215
32216
32250
32261
32272
32278
32296
32298
32306
32311
32323
32328
32346
32368
32375
32395
32400
32402
32416
32418
32443
32444
32452
32457
32459
32460
32476
32514
32531
32555
32558
32562
32574
32575
32586
32590
32591
32592
32597
32608
32665
32680
32682
32690
32695
32696
32758
32783
32806
32830
32831
32832
32842
32851
32866
32875
32881
32912
32951
32956
32959
32995
32998
33002
33015
33022
33041
33075
33078
33084
33085
33087
33107
33113
33128
33148
33158
33168
33173
33182
33200
33208
33236
33243
33249
33250
33261
33304
33335
33337
33339
33386
33390
33393
33401
33404
33439
33446
33450
33454
33477
33488
33490
33498
33499
33500
33528
33530
33535
33550
33553
33599
33609
33618
33620
33623
33624
33668
33698
33714
33717
33720
33722
33742
33750
33751
33754
33803
33804
33812
33822
33863
33902
33911
33921
33954
33956
33957
33972
33976
33978
33984
33994
34003
34017
34036
34045
34062
34076
34083
34116
34121
34128
34136
34174
34186
34190
34224
34238
34255
34264
34269
34273
34279
34303
34306
34310
34318
34337
34344
34360
34361
34364
34366
34419
34433
34440
34444
34455
34488
34489
34505
34514
34520
34521
34523
34525
34528
34529
34539
34542
34543
34546
34556
34559
34562
34580
34603
34610
34623
34627
34634
34640
34651
34652
34662
34663
34667
34675
34678
34683
34700
34703
34714
34717
34719
34722
34749
34759
34766
34767
34770
34776
34780
34782
34803
34804
34807
34812
34813
34817
34871
34872
34876
34878
34899
34901
34902
34920
34938
34942
34947
34950
34957
34961
34962
34968
34986
34990
35018
35022
35024
35034
35037
35047
35053
35060
35062
35083
35095
35106
35115
35118
35121
35125
35162
35165
35188
35197
35200
35201
35213
35237
35248
35253
35256
35267
35305
35332
35338
35341
35344
35346
35350
35359
35372
35394
35406
35410
35419
35426
35445
35451
35453
35457
35458
35475
35479
35482
35483
35485
35510
35515
35531
35540
35585
35594
35597
35599
35604
35611
35629
35630
35648
35659
35662
35697
35714
35717
35733
35734
35752
35772
35774
35797
35817
35819
35827
35832
35834
35838
35862
35867
35869
35876
35877
35881
35894
35904
35912
35913
35919
35946
35964
35975
35997
36010
36013
36020
36022
36023
36024
36028
36033
36040
36047
36062
36071
36082
36084
36087
36089
36093
36101
36109
36120
36130
36160
36202
36232
36262
36273
36299
36302
36304
36318
36319
36325
36326
36341
36356
36361
36372
36380
36388
36411
36415
36444
36445
36447
36458
36483
36489
36521
36524
36548
36577
36585
36602
36612
36617
36635
36673
36678
36688
36710
36720
36726
36741
36743
36747
36757
36779
36782
36794
36798
36803
36821
36829
36864
36889
36905
36908
36944
36947
36953
36968
36985
36998
37032
37041
37042
37046
37053
37061
37066
37092
37094
37100
37106
37120
37142
37146
37172
37179
37186
37216
37230
37236
37271
37273
37293
37299
37300
37306
37309
37320
37332
37371
37380
37384
37388
37422
37424
37433
37438
37445
37449
37458
37460
37466
37528
37549
37552
37571
37578
37581
37589
37596
37601
37605
37608
37628
37646
37666
37687
37691
37707
37713
37718
37732
37751
37756
37789
37797
37819
37831
37839
37859
37860
37868
37869
37881
37903
37921
37934
37946
37952
37953
37962
37966
37979
37981
37982
37987
37991
37992
37998
38012
38013
38041
38061
38083
38104
38116
38125
38126
38137
38150
38156
38159
38164
38168
38180
38181
38186
38196
38221
38234
38238
38241
38251
38253
38277
38292
38293
38297
38305
38306
38336
38345
38349
38355
38370
38372
38391
38399
38412
38432
38441
38454
38462
38463
38472
38478
38500
38504
38517
38521
38554
38561
38569
38592
38617
38619
38623
38630
38631
38635
38656
38674
38675
38678
38680
38690
38693
38697
38702
38704
38719
38721
38726
38731
38753
38768
38770
38778
38831
38837
38857
38866
38879
38896
38908
38910
38929
38936
38946
38968
38985
39002
39003
39007
39021
39051
39062
39085
39100
39104
39115
39118
39123
39157
39163
39193
39194
39217
39221
39227
39245
39246
39257
39264
39267
39268
39270
39283
39286
39287
39300
39320
39323
39341
39347
39360
39363
39398
39401
39402
39412
39424
39426
39440
39457
39460
39468
39469
39475
39476
39492
39493
39529
39530
39532
39541
39559
39571
39591
39595
39623
39638
39640
39654
39658
39660
39683
39703
39730
39760
39766
39771
39780
39791
39795
39797
39805
39823
39824
39844
39850
39873
39874
39880
39895
39907
39933
39940
39945
39946
39952
39965
39975
39993
39999
40002
40025
40029
40049
40056
40062
40072
40073
40077
40080
40087
40092
40098
40100
40118
40142
40146
40157
40160
40162
40171
40173
40176
40201
40212
40221
40232
40237
40240
40256
40259
40275
40303
40305
40307
40311
40319
40354
40373
40375
40378
40391
40396
40403
40405
40426
40451
40461
40464
40489
40490
40506
40514
40517
40531
40537
40542
40545
40554
40563
40567
40568
40576
40584
40586
40629
40643
40647
40648
40660
40668
40671
40678
40693
40706
40711
40712
40716
40722
40749
40752
40758
40821
40822
40827
40844
40853
40866
40868
40882
40883
40887
40891
40892
40903
40905
40907
40909
40931
40937
40938
40940
40946
40977
41007
41010
41011
41015
41023
41039
41045
41048
41061
41077
41097
41101
41124
41126
41127
41134
41136
41169
41172
41182
41201
41204
41212
41217
41230
41245
41272
41275
41285
41306
41309
41317
41322
41326
41363
41364
41373
41374
41376
41378
41379
41381
41386
41404
41407
41411
41426
41431
41437
41439
41440
41450
41459
41475
41483
41485
41493
41523
41531
41540
41547
41558
41566
41572
41578
41580
41584
41585
41605
41616
41628
41650
41656
41665
41667
41678
41689
41699
41706
41708
41716
41719
41722
41742
41770
41783
41789
41807
41851
41879
41885
41887
41898
41920
41923
41930
41931
41935
41938
41941
41947
41961
41965
41967
41968
41986
42033
42035
42049
42058
42068
42073
42076
42082
42089
42116
42129
42146
42159
42173
42180
42190
42196
42202
42216
42217
42223
42270
42279
42285
42287
42310
42311
42318
42325
42336
42341
42361
42373
42375
42393
42395
42400
42405
42408
42421
42434
42435
42444
42448
42464
42470
42473
42489
42492
42497
42519
42520
42527
42542
42556
42560
42580
42586
42595
42607
42610
42624
42628
42666
42667
42691
42693
42701
42715
42723
42727
42736
42777
42783
42797
42804
42817
42822
42852
42859
42860
42862
42865
42869
42890
42894
42922
42923
42924
42927
42936
42961
42981
42996
43011
43020
43026
43035
43038
43039
43046
43063
43091
43102
43115
43140
43156
43162
43167
43180
43191
43194
43195
43232
43234
43253
43263
43274
43300
43302
43315
43326
43329
43344
43367
43388
43391
43403
43407
43418
43419
43449
43465
43471
43472
43474
43489
43491
43497
43514
43551
43560
43577
43589
43593
43601
43610
43622
43643
43646
43660
43665
43666
43683
43709
43719
43741
43743
43755
43762
43794
43798
43807
43823
43825
43831
43854
43855
43859
43860
43872
43880
43887
43903
43920
43951
43968
43971
43972
43981
43982
43992
43993
44019
44024
44027
44073
44078
44080
44085
44086
44087
44100
44105
44112
44131
44149
44164
44165
44196
44208
44209
44221
44247
44259
44268
44271
44292
44298
44318
44333
44348
44363
44374
44381
44386
44420
44445
44478
44480
44485
44488
44490
44498
44501
44510
44521
44526
44531
44551
44560
44563
44576
44584
44594
44605
44640
44653
44655
44657
44664
44678
44693
44705
44707
44708
44728
44752
44756
44763
44766
44778
44784
44800
44803
44804
44808
44812
44835
44843
44857
44863
44876
44880
44910
44935
44949
44962
44984
44992
44997
45023
45037
45043
45060
45061
45062
45077
45079
45091
45092
45103
45105
45123
45145
45160
45168
45169
45170
45171
45173
45182
45197
45211
45248
45254
45257
45260
45272
45277
45281
45288
45294
45300
45302
45307
45337
45362
45381
45383
45386
45389
45391
45395
45396
45397
45437
45452
45455
45480
45511
45538
45540
45543
45544
45551
45567
45568
45575
45588
45589
45598
45614
45620
45622
45624
45628
45655
45656
45678
45685
45688
45691
45692
45693
45694
45703
45722
45725
45729
45768
45777
45782
45821
45840
45842
45844
45872
45885
45888
45896
45899
45905
45923
45933
45935
45946
45950
45955
45958
45972
45975
46002
46015
46038
46049
46050
46055
46064
46093
46095
46105
46125
46151
46162
46177
46183
46193
46211
46253
46268
46269
46307
46321
46355
46362
46363
46367
46379
46389
46398
46402
46418
46426
46432
46434
46443
46450
46469
46472
46473
46478
46481
46503
46514
46521
46536
46550
46560
46571
46573
46575
46587
46592
46648
46649
46660
46670
46674
46687
46704
46706
46731
46737
46754
46756
46760
46767
46770
46771
46775
46796
46801
46803
46809
46810
46813
46820
46826
46827
46842
46856
46867
46872
46915
46932
46933
46943
46945
46948
46951
46954
46990
47024
47026
47042
47043
47054
47061
47069
47071
47075
47085
47088
47107
47109
47112
47140
47149
47157
47162
47163
47169
47170
47179
47192
47200
47208
47211
47214
47216
47221
47230
47238
47245
47278
47312
47325
47347
47348
47396
47408
47411
47424
47430
47435
47454
47459
47466
47497
47508
47509
47531
47532
47546
47562
47568
47576
47579
47593
47611
47613
47617
47631
47637
47649
47650
47659
47667
47668
47669
47680
47683
47688
47698
47704
47706
47707
47712
47717
47719
47721
47725
47728
47746
47748
47754
47758
47759
47768
47773
47783
47784
47785
47786
47801
47836
47861
47878
47886
47895
47902
47923
47928
47929
47931
47959
47972
47975
47978
47983
47985
47988
47995
48012
48017
48029
48054
48092
48095
48148
48168
48181
48199
48209
48211
48214
48215
48229
48240
48259
48261
48271
48272
48286
48296
48303
48318
48332
48338
48339
48345
48356
48372
48383
48384
48390
48392
48431
48450
48453
48459
48475
48477
48490
48499
48502
48505
48513
48514
48519
48520
48529
48531
48532
48552
48565
48574
48599
48603
48610
48635
48666
48669
48679
48685
48707
48714
48731
48745
48747
48757
48768
48778
48795
48800
48826
48829
48854
48858
48877
48895
48917
48932
48936
48940
48953
48989
49008
49022
49047
49055
49060
49062
49063
49077
49091
49093
49094
49097
49103
49124
49135
49143
49145
49147
49158
49172
49179
49181
49193
49199
49213
49214
49227
49235
49259
49285
49287
49292
49302
49305
49313
49317
49340
49371
49381
49384
49391
49432
49433
49435
49437
49452
49461
49463
49471
49477
49478
49490
49493
49494
49506
49507
49514
49526
49531
49542
49546
49555
49579
49609
49615
49625
49641
49642
49647
49675
49683
49692
49703
49716
49717
49724
49743
49746
49751
49775
49793
49797
49810
49813
49818
49839
49853
49855
49856
49875
49895
49909
49911
49919
49926
49929
49938
49943
49944
50000
50009
50022
50033
50047
50049
50050
50054
50077
50086
50087
50097
50110
50126
50137
50154
50157
50165
50184
50203
50224
50232
50234
50255
50259
50304
50308
50309
50322
50328
50355
50357
50358
50363
50368
50378
50391
50409
50415
50416
50425
50449
50467
50472
50477
50490
50509
50533
50549
50556
50560
50562
50586
50608
50611
50619
50634
50635
50647
50650
50655
50656
50673
50674
50678
50699
50700
50706
50709
50716
50718
50719
50724
50730
50731
50736
50739
50759
50777
50799
50806
50807
50825
50830
50834
50866
50871
50877
50890
50896
50898
50920
50923
50940
50960
50965
50966
50967
50971
50973
50987
51005
51022
51041
51043
51058
51067
51091
51107
51122
51127
51136
51152
51157
51169
51180
51181
51191
51197
51200
51202
51222
51225
51229
51236
51240
51250
51262
51277
51291
51298
51300
51317
51332
51341
51343
51352
51353
51355
51370
51372
51377
51378
51399
51414
51418
51426
51432
51436
51448
51451
51467
51473
51474
51477
51500
51506
51516
51523
51539
51542
51544
51545
51578
51617
51636
51656
51668
51674
51675
51699
51708
51711
51723
51724
51742
51755
51765
51773
51783
51791
51792
51809
51814
51818
51830
51849
51862
51881
51900
51917
51931
51934
51944
51945
51960
51965
51989
52001
52005
52017
52045
52046
52061
52082
52087
52089
52110
52122
52154
52161
52171
52175
52203
52206
52207
52218
52228
52242
52245
52250
52252
52254
52270
52271
52312
52327
52333
52336
52350
52356
52365
52381
52385
52394
52397
52410
52417
52432
52435
52456
52466
52471
52472
52484
52532
52534
52551
52553
52558
52585
52587
52603
52620
52644
52651
52664
52666
52680
52730
52780
52810
52817
52823
52831
52841
52849
52862
52870
52871
52894
52898
52903
52911
52917
52925
52935
52953
52966
52976
52986
52988
52990
52991
52992
52997
53008
53015
53018
53036
53037
53049
53055
53061
53074
53077
53123
53126
53139
53146
53150
53151
53152
53163
53168
53175
53178
53180
53192
53207
53209
53214
53216
53224
53229
53232
53274
53275
53290
53293
53296
53314
53317
53336
53341
53390
53417
53440
53476
53484
53486
53502
53507
53509
53524
53529
53532
53538
53541
53559
53561
53570
53574
53588
53597
53607
53624
53628
53644
53664
53678
53687
53688
53691
53692
53711
53712
53717
53729
53734
53745
53747
53750
53755
53758
53767
53779
53790
53808
53810
53833
53842
53846
53855
53901
53914
53924
53935
53949
53968
53976
53988
53996
54001
54007
54015
54020
54027
54035
54063
54067
54074
54099
54124
54147
54168
54175
54197
54205
54214
54229
54230
54231
54240
54242
54269
54275
54278
54290
54295
54297
54298
54312
54336
54340
54361
54377
54387
54409
54417
54424
54426
54431
54443
54451
54469
54475
54499
54509
54511
54515
54518
54527
54554
54570
54575
54620
54624
54645
54669
54671
54674
54676
54677
54690
54693
54702
54708
54712
54723
54735
54743
54747
54749
54761
54766
54771
54777
54788
54806
54813
54815
54830
54857
54861
54863
54890
54906
54928
54934
54936
54943
54948
54964
54980
54983
54991
55002
55016
55033
55035
55069
55070
55113
55121
55158
55168
55179
55219
55231
55253
55258
55284
55285
55297
55301
55314
55319
55330
55333
55345
55352
55355
55366
55369
55374
55378
55386
55393
55397
55421
55424
55431
55441
55445
55461
55481
55486
55497
55499
55531
55545
55546
55552
55560
55579
55583
55590
55638
55650
55653
55664
55684
55685
55686
55693
55704
55723
55744
55762
55773
55787
55799
55820
55823
55844
55846
55852
55856
55861
55871
55884
55903
55907
55920
55936
55937
55940
55957
55987
55990
55994
56005
56022
56045
56048
56049
56059
56069
56079
56086
56089
56104
56147
56149
56152
56154
56193
56197
56201
56215
56218
56240
56246
56258
56264
56265
56271
56283
56295
56302
56312
56322
56348
56362
56363
56384
56388
56389
56395
56399
56401
56403
56411
56413
56436
56446
56453
56459
56473
56476
56482
56487
56497
56503
56539
56559
56566
56614
56622
56624
56628
56642
56644
56645
56657
56659
56665
56666
56693
56697
56707
56720
56722
56723
56728
56736
56743
56760
56762
56765
56787
56803
56820
56825
56832
56836
56863
56866
56869
56872
56874
56888
56891
56893
56898
56900
56908
56943
56955
56956
56957
56967
56969
56971
56973
56985
57005
57042
57044
57055
57056
57064
57080
57089
57100
57114
57123
57131
57136
57178
57196
57206
57236
57272
57282
57284
57289
57293
57297
57325
57331
57336
57338
57385
57401
57407
57418
57420
57422
57432
57473
57475
57496
57508
57514
57524
57527
57558
57563
57575
57592
57612
57624
57645
57661
57665
57669
57699
57702
57709
57717
57721
57733
57736
57737
57741
57743
57759
57763
57784
57790
57819
57831
57837
57840
57843
57850
57851
57857
57876
57906
57910
57920
57929
57937
57941
57954
57964
57980
57986
57987
57990
57991
58018
58019
58025
58056
58057
58058
58083
58091
58092
58095
58120
58134
58135
58159
58160
58191
58202
58215
58218
58227
58275
58280
58283
58286
58298
58312
58344
58349
58357
58372
58382
58387
58390
58398
58436
58442
58450
58461
58483
58485
58498
58511
58515
58531
58544
58550
58560
58574
58578
58581
58600
58615
58632
58637
58639
58641
58682
58703
58709
58711
58712
58720
58752
58757
58767
58778
58792
58803
58839
58879
58885
58912
58921
58927
58929
58935
58938
58942
58947
58954
58976
58998
59015
59043
59054
59061
59081
59086
59087
59103
59133
59138
59139
59152
59162
59166
59175
59185
59220
59222
59233
59260
59265
59269
59282
59299
59313
59315
59323
59328
59334
59346
59354
59358
59360
59381
59423
59428
59430
59432
59436
59448
59463
59470
59501
59504
59508
59511
59519
59525
59562
59583
59584
59592
59597
59630
59634
59637
59644
59647
59653
59654
59655
59668
59676
59684
59693
59696
59713
59714
59717
59763
59771
59800
59810
59811
59827
59828
59849
59857
59901
59911
59927
59930
59932
59964
59966
59968
59987
59990
59995
60011
60014
60017
60022
60029
60071
60072
60089
60092
60110
60144
60150
60156
60161
60168
60179
60196
60223
60232
60249
60268
60281
60290
60293
60313
60321
60329
60340
60342
60352
60357
60364
60365
60393
60424
60428
60450
60456
60457
60474
60495
60505
60521
60579
60580
60590
60598
60599
60607
60624
60632
60642
60648
60653
60668
60669
60703
60708
60713
60731
60748
60770
60771
60779
60793
60807
60810
60812
60816
60827
60835
60837
60845
60849
60858
60859
60870
60872
60882
60888
60897
60906
60907
60917
60963
60983
61010
61021
61029
61091
61093
61102
61145
61154
61175
61177
61181
61203
61206
61207
61208
61220
61230
61234
61240
61242
61253
61257
61270
61289
61292
61318
61320
61327
61330
61338
61348
61349
61364
61369
61377
61395
61410
61415
61423
61427
61436
61446
61458
61471
61473
61508
61514
61521
61527
61529
61532
61585
61586
61601
61606
61607
61615
61627
61628
61652
61658
61670
61671
61689
61693
61696
61727
61749
61758
61767
61775
61803
61814
61826
61834
61840
61850
61854
61856
61882
61910
61930
61945
61946
61957
61970
61974
61981
61983
61990
61999
62011
62017
62033
62038
62040
62081
62085
62096
62110
62129
62130
62138
62160
62162
62188
62197
62210
62216
62234
62247
62268
62283
62294
62369
62384
62388
62410
62424
62439
62450
62474
62475
62481
62504
62528
62544
62546
62587
62588
62589
62608
62626
62638
62639
62644
62646
62665
62697
62699
62727
62736
62737
62771
62775
62776
62778
62788
62808
62810
62814
62841
62851
62856
62885
62889
62891
62934
62939
62946
62959
62964
62975
62992
63004
63005
63020
63033
63035
63040
63050
63052
63070
63091
63096
63099
63112
63149
63151
63160
63165
63174
63183
63187
63192
63195
63200
63205
63207
63211
63220
63221
63222
63244
63280
63306
63315
63318
63335
63344
63346
63360
63399
63404
63410
63415
63416
63427
63444
63447
63450
63451
63462
63474
63495
63504
63511
63518
63531
63532
63536
63537
63543
63610
63626
63641
63644
63667
63672
63700
63702
63704
63727
63760
63788
63800
63811
63821
63849
63852
63863
63867
63869
63876
63916
63929
63947
63968
63976
64003
64040
64056
64080
64082
64108
64109
64114
64122
64162
64165
64169
64171
64173
64174
64183
64198
64212
64216
64222
64248
64263
64279
64283
64307
64313
64323
64325
64344
64347
64374
64396
64398
64399
64402
64404
64407
64416
64425
64427
64437
64441
64446
64466
64491
64492
64516
64523
64531
64535
64540
64550
64559
64576
64602
64608
64611
64629
64630
64632
64636
64644
64649
64650
64654
64670
64671
64679
64680
64682
64697
64705
64744
64749
64756
64791
64825
64830
64834
64837
64839
64843
64847
64859
64875
64892
64919
64927
64935
64937
64940
64950
64956
64963
64966
64971
64981
65014
65026
65027
65059
65065
65074
65085
65087
65090
65097
65101
65116
65128
65159
65165
65180
65191
65252
65257
65268
65293
65294
65307
65329
65332
65343
65352
65356
65362
65367
65371
65381
65382
65383
65394
65401
65415
65431
65446
65455
65499
65508
65548
65567
65571
65574
65578
65600
65606
65628
65637
65646
65680
65704
65730
65741
65746
65750
65807
65808
65827
65830
65843
65902
65953
65957
65965
65979
66007
66023
66031
66041
66042
66043
66048
66087
66095
66125
66135
66149
66151
66161
66165
66166
66172
66185
66203
66204
66209
66222
66245
66255
66262
66313
66318
66325
66339
66345
66373
66423
66434
66439
66440
66441
66473
66486
66497
66500
66507
66521
66522
66536
66554
66560
66577
66597
66600
66611
66620
66626
66643
66655
66671
66675
66712
66716
66750
66755
66769
66773
66786
66801
66817
66834
66871
66886
66892
66906
66912
66922
66937
66939
66961
66985
66992
66996
67000
67030
67031
67047
67049
67069
67078
67085
67144
67146
67152
67162
67164
67173
67184
67195
67220
67222
67223
67236
67244
67253
67256
67293
67364
67368
67373
67380
67395
67412
67419
67420
67428
67431
67437
67450
67457
67465
67475
67480
67481
67486
67519
67522
67525
67535
67580
67581
67591
67595
67600
67604
67625
67650
67665
67679
67688
67698
67716
67725
67728
67737
67740
67770
67777
67780
67796
67797
67822
67839
67874
67876
67882
67886
67904
67918
67944
67949
67952
67953
67957
67958
67959
67966
67987
68008
68011
68017
68022
68029
68033
68054
68057
68063
68075
68092
68098
68110
68122
68125
68138
68142
68144
68149
68152
68154
68163
68175
68179
68190
68203
68207
68211
68228
68252
68253
68257
68260
68266
68273
68281
68308
68320
68326
68332
68343
68356
68360
68374
68395
68399
68406
68410
68419
68462
68520
68523
68528
68552
68567
68577
68584
68611
68641
68652
68658
68663
68666
68668
68685
68688
68689
68700
68710
68717
68725
68728
68730
68733
68743
68746
68749
68752
68753
68758
68759
68761
68767
68774
68800
68803
68816
68832
68833
68841
68853
68856
68858
68860
68864
68867
68891
68897
68918
68923
68926
68948
68958
68978
68991
69004
69011
69026
69030
69031
69043
69046
69072
69074
69083
69093
69100
69117
69121
69145
69150
69154
69155
69185
69186
69207
69216
69234
69235
69236
69238
69239
69243
69246
69253
69254
69264
69286
69287
69295
69296
69308
69322
69328
69348
69369
69397
69399
69410
69411
69412
69415
69427
69433
69446
69457
69473
69482
69486
69495
69539
69572
69595
69627
69645
69650
69654
69660
69695
69725
69739
69749
69756
69789
69814
69822
69826
69828
69834
69838
69848
69850
69893
69902
69911
69941
69947
69964
69965
69971
69986
70001
70014
70044
70052
70067
70074
70077
70082
70098
70118
70122
70154
70177
70184
70187
70191
70198
70208
70249
70261
70271
70277
70317
70328
70330
70331
70333
70342
70350
70353
70373
70377
70380
70408
70417
70422
70440
70476
70499
70502
70505
70513
70515
70523
70548
70556
70559
70564
70609
70616
70647
70666
70682
70688
70693
70705
70710
70732
70736
70746
70751
70758
70767
70770
70780
70793
70817
70829
70839
70848
70849
70860
70863
70865
70878
70890
70894
70901
70908
70919
70920
70924
70952
70959
70980
70982
71021
71024
71033
71042
71063
71065
71073
71078
71096
71104
71113
71121
71125
71128
71135
71136
71143
71158
71195
71201
71205
71217
71222
71236
71254
71308
71309
71339
71345
71353
71358
71371
71383
71388
71419
71430
71438
71442
71453
71454
71458
71509
71511
71515
71523
71528
71547
71553
71556
71570
71580
71590
71593
71595
71598
71608
71611
71642
71645
71646
71657
71713
71718
71726
71739
71765
71770
71771
71772
71782
71783
71811
71833
71834
71851
71860
71863
71868
71887
71889
71892
71905
71906
71910
71918
71947
71950
71951
71964
71966
71973
71979
71992
72039
72047
72051
72059
72061
72068
72075
72119
72149
72162
72182
72202
72217
72220
72248
72271
72278
72282
72284
72296
72321
72322
72340
72349
72352
72353
72375
72382
72385
72386
72396
72398
72419
72430
72463
72481
72484
72487
72488
72495
72497
72500
72512
72528
72551
72552
72559
72564
72568
72571
72573
72577
72592
72597
72601
72608
72618
72631
72639
72645
72653
72685
72696
72705
72716
72717
72720
72746
72752
72755
72759
72791
72824
72825
72837
72859
72905
72913
72934
72975
72983
72987
72990
72998
73000
73007
73010
73018
73022
73025
73027
73037
73042
73046
73056
73060
73061
73063
73065
73068
73073
73082
73094
73114
73126
73155
73168
73178
73181
73185
73195
73198
73211
73216
73217
73233
73249
73265
73272
73278
73298
73313
73319
73324
73338
73341
73349
73353
73360
73379
73384
73389
73407
73423
73425
73429
73438
73446
73450
73456
73459
73467
73478
73486
73492
73517
73543
73544
73556
73581
73582
73585
73600
73603
73605
73610
73619
73648
73654
73658
73668
73672
73674
73680
73681
73690
73698
73705
73737
73738
73753
73766
73779
73805
73812
73813
73815
73826
73840
73841
73878
73879
73886
73905
73913
73925
73930
73940
73971
74016
74029
74030
74088
74089
74101
74106
74110
74119
74121
74129
74146
74162
74163
74177
74190
74200
74206
74212
74216
74223
74238
74248
74250
74260
74269
74287
74313
74314
74323
74332
74344
74345
74355
74357
74364
74375
74421
74439
74440
74441
74443
74445
74447
74454
74466
74490
74497
74517
74533
74572
74596
74602
74617
74630
74642
74658
74659
74720
74721
74750
74753
74758
74772
74775
74778
74779
74782
74791
74795
74801
74807
74816
74850
74852
74856
74861
74878
74892
74895
74907
74911
74914
74921
74951
74960
74961
74974
74995
75017
75024
75026
75029
75032
75045
75054
75074
75077
75083
75104
75106
75110
75115
75117
75119
75140
75147
75153
75159
75173
75195
75207
75210
75226
75227
75231
75245
75251
75256
75259
75260
75264
75286
75300
75302
75317
75327
75351
75374
75380
75401
75406
75410
75413
75417
75438
75461
75463
75473
75484
75486
75495
75516
75528
75552
75559
75562
75565
75567
75568
75579
75580
75588
75591
75614
75615
75642
75647
75656
75665
75670
75691
75692
75693
75708
75726
75729
75765
75773
75783
75791
75796
75805
75807
75810
75820
75830
75838
75843
75850
75860
75861
75862
75872
75875
75878
75887
75920
75921
75922
75923
75936
75945
75949
75951
75965
75985
76003
76004
76013
76020
76032
76045
76047
76061
76065
76066
76069
76074
76083
76085
76119
76133
76145
76149
76157
76169
76170
76184
76193
76206
76234
76235
76237
76239
76259
76277
76279
76297
76311
76333
76339
76360
76363
76379
76394
76398
76407
76430
76437
76438
76445
76457
76460
76463
76468
76471
76511
76520
76553
76573
76576
76580
76590
76600
76605
76606
76608
76613
76627
76629
76637
76641
76668
76692
76725
76736
76743
76757
76792
76803
76827
76833
76836
76850
76856
76857
76862
76879
76894
76896
76901
76906
76929
76932
76933
76948
76955
76973
76979
76981
76984
76986
76993
76996
77006
77007
77013
77028
77039
77048
77057
77061
77069
77074
77078
77082
77085
77088
77092
77100
77103
77129
77133
77142
77153
77155
77182
77187
77190
77217
77238
77240
77247
77292
77304
77341
77354
77356
77376
77386
77406
77430
77432
77435
77462
77470
77496
77509
77514
77520
77521
77538
77544
77549
77564
77568
77609
77614
77619
77626
77632
77637
77638
77639
77645
77654
77665
77666
77668
77695
77699
77702
77707
77708
77710
77721
77728
77759
77781
77791
77793
77804
77809
77816
77818
77876
77889
77899
77916
77918
77926
77934
77943
77944
77955
77972
77979
77981
77987
77993
78005
78010
78050
78051
78062
78063
78078
78082
78097
78111
78138
78161
78176
78183
78187
78190
78191
78209
78224
78249
78250
78254
78291
78292
78294
78307
78315
78317
78323
78330
78331
78332
78336
78344
78354
78363
78375
78388
78390
78412
78427
78456
78465
78472
78489
78498
78516
78525
78526
78553
78558
78565
78569
78593
78596
78602
78611
78619
78624
78631
78633
78634
78642
78666
78675
78681
78693
78699
78701
78705
78712
78742
78743
78747
78748
78751
78756
78761
78763
78764
78767
78770
78773
78781
78783
78786
78793
78826
78835
78853
78854
78867
78873
78891
78892
78926
78931
78948
78954
78964
78979
78980
78990
78992
79004
79019
79020
79058
79059
79062
79070
79092
79096
79101
79107
79108
79109
79115
79116
79148
79174
79219
79246
79261
79272
79279
79282
79311
79312
79319
79322
79333
79334
79339
79340
79341
79347
79352
79360
79375
79381
79421
79432
79433
79436
79444
79448
79460
79473
79496
79499
79501
79525
79526
79536
79565
79597
79611
79620
79635
79637
79640
79646
79650
79660
79668
79678
79710
79712
79723
79736
79737
79744
79792
79797
79808
79809
79824
79827
79832
79833
79844
79845
79857
79864
79866
79871
79879
79882
79883
79893
79904
79921
79938
79939
79943
79953
79957
79966
79976
79983
79986
79991
80022
80026
80030
80041
80049
80060
80072
80074
80083
80089
80095
80096
80103
80118
80120
80130
80149
80162
80164
80178
80193
80208
80233
80237
80241
80271
80291
80293
80298
80309
80313
80314
80321
80353
80367
80368
80386
80398
80407
80415
80446
80462
80486
80503
80512
80516
80536
80543
80555
80558
80569
80571
80580
80588
80605
80620
80634
80638
80641
80645
80649
80662
80667
80674
80683
80687
80692
80699
80706
80713
80757
80762
80787
80796
80803
80807
80811
80812
80814
80820
80825
80826
80827
80830
80831
80834
80849
80853
80866
80867
80871
80885
80892
80898
80900
80901
80905
80913
80920
80941
80943
80945
80962
80970
80987
80997
81008
81014
81016
81033
81057
81078
81079
81084
81095
81103
81123
81131
81136
81151
81162
81171
81192
81209
81223
81268
81275
81318
81321
81340
81355
81359
81382
81400
81413
81415
81430
81454
81457
81460
81483
81493
81495
81517
81545
81580
81582
81598
81604
81607
81616
81617
81621
81643
81668
81676
81679
81692
81696
81704
81740
81756
81759
81766
81768
81773
81780
81785
81801
81813
81816
81826
81861
81870
81871
81887
81893
81909
81917
81919
81937
81943
81944
81946
81954
81975
81979
81983
81988
81994
81996
82051
82074
82101
82107
82113
82122
82131
82158
82177
82187
82194
82200
82206
82231
82253
82258
82263
82265
82277
82310
82319
82330
82331
82337
82341
82356
82365
82370
82375
82380
82388
82397
82403
82410
82412
82449
82455
82459
82474
82475
82487
82492
82505
82508
82511
82523
82528
82535
82562
82568
82581
82588
82589
82600
82601
82603
82620
82625
82632
82635
82645
82650
82667
82670
82678
82693
82719
82726
82737
82746
82753
82756
82788
82794
82825
82831
82852
82888
82902
82921
82931
82938
82952
82956
82962
82976
82985
82991
83011
83035
83086
83090
83092
83129
83140
83170
83173
83174
83182
83201
83204
83212
83216
83219
83224
83241
83252
83256
83300
83312
83324
83325
83342
83348
83352
83354
83377
83378
83390
83392
83411
83448
83449
83454
83468
83488
83491
83494
83501
83523
83527
83555
83563
83569
83571
83585
83587
83599
83615
83618
83634
83652
83656
83688
83689
83705
83736
83741
83742
83757
83773
83785
83786
83797
83807
83808
83814
83817
83831
83836
83838
83843
83860
83864
83886
83917
83930
83941
83945
83951
83987
83993
83999
84003
84013
84014
84016
84045
84046
84054
84055
84060
84063
84076
84090
84099
84101
84113
84130
84131
84142
84161
84182
84210
84222
84226
84242
84249
84250
84257
84260
84264
84281
84283
84295
84296
84325
84329
84332
84339
84340
84350
84352
84373
84379
84385
84388
84432
84437
84442
84443
84456
84465
84484
84517
84524
84541
84548
84555
84565
84599
84619
84631
84638
84649
84661
84662
84668
84716
84718
84728
84739
84740
84744
84746
84765
84768
84791
84797
84805
84819
84820
84827
84835
84839
84840
84844
84863
84868
84873
84888
84897
84910
84923
84935
84936
84958
84962
84972
84975
84990
85003
85004
85007
85008
85009
85028
85030
85036
85041
85047
85076
85092
85095
85098
85101
85121
85130
85132
85133
85149
85153
85160
85161
85182
85195
85222
85234
85246
85266
85268
85269
85270
85278
85326
85333
85334
85342
85348
85353
85357
85366
85392
85400
85405
85406
85426
85446
85464
85467
85500
85537
85545
85553
85555
85556
85560
85564
85567
85577
85607
85613
85628
85629
85680
85688
85689
85691
85696
85697
85706
85719
85725
85749
85753
85758
85763
85766
85781
85784
85794
85797
85811
85814
85816
85821
85829
85830
85838
85853
85858
85872
85895
85896
85900
85903
85910
85917
85951
85952
85965
85986
85988
85996
86001
86011
86028
86035
86044
86052
86055
86059
86062
86137
86155
86160
86169
86175
86185
86210
86214
86232
86234
86246
86281
86293
86302
86342
86370
86372
86378
86385
86398
86423
86425
86445
86449
86457
86468
86490
86492
86496
86514
86517
86531
86538
86539
86543
86545
86552
86558
86566
86587
86590
86610
86615
86621
86637
86650
86658
86664
86687
86694
86702
86726
86755
86803
86804
86819
86820
86824
86833
86835
86840
86852
86853
86860
86872
86888
86891
86905
86912
86915
86950
86968
86987
86998
87001
87003
87007
87019
87023
87024
87025
87032
87035
87036
87043
87045
87055
87057
87061
87085
87101
87107
87111
87113
87126
87142
87176
87178
87193
87198
87218
87220
87300
87302
87325
87326
87331
87333
87344
87370
87373
87385
87387
87396
87400
87402
87413
87434
87443
87447
87450
87457
87462
87466
87471
87472
87482
87487
87488
87514
87520
87534
87542
87549
87552
87565
87574
87577
87591
87631
87640
87641
87654
87663
87722
87726
87741
87753
87770
87777
87781
87792
87796
87811
87812
87820
87832
87833
87835
87851
87860
87863
87872
87875
87901
87910
87925
87939
87970
87972
87978
88002
88006
88012
88037
88040
88042
88052
88054
88060
88087
88100
88109
88130
88139
88141
88142
88147
88149
88154
88163
88186
88188
88189
88191
88219
88237
88244
88272
88287
88298
88305
88311
88320
88334
88352
88363
88383
88407
88408
88424
88429
88470
88471
88477
88481
88485
88490
88492
88510
88511
88521
88522
88528
88547
88551
88564
88570
88578
88580
88593
88615
88618
88635
88650
88659
88669
88695
88703
88704
88706
88711
88730
88758
88772
88786
88789
88806
88814
88821
88829
88842
88844
88845
88855
88856
88879
88883
88884
88905
88916
88954
88957
88966
88980
88983
88986
89034
89042
89047
89053
89059
89073
89075
89079
89090
89099
89105
89128
89136
89151
89191
89205
89210
89215
89218
89239
89272
89273
89279
89290
89291
89299
89319
89362
89365
89366
89383
89401
89407
89408
89413
89421
89436
89438
89451
89549
89560
89561
89591
89592
89598
89601
89640
89693
89730
89731
89751
89757
89766
89772
89779
89787
89807
89842
89854
89856
89869
89872
89879
89882
89884
89886
89889
89909
89917
89925
89927
89934
89957
89962
89965
89970
89971
89977
89979
89989
89995
89997
90001
90006
90025
90032
90036
90044
90053
90062
90073
90107
90175
90176
90178
90186
90199
90201
90205
90211
90213
90221
90234
90245
90267
90269
90276
90278
90279
90287
90297
90299
90302
90303
90311
90320
90332
90348
90367
90400
90405
90424
90426
90439
90440
90473
90534
90548
90550
90551
90552
90566
90567
90605
90607
90634
90645
90664
90678
90718
90727
90748
90756
90808
90854
90860
90873
90874
90879
90882
90889
90900
90906
90911
90919
90928
91010
91013
91015
91029
91034
91038
91049
91068
91080
91084
91101
91109
91111
91121
91131
91133
91134
91143
91156
91195
91215
91223
91224
91233
91237
91248
91268
91273
91275
91281
91289
91290
91291
91301
91322
91329
91358
91359
91369
91371
91380
91396
91397
91401
91402
91409
91410
91420
91431
91472
91491
91497
91525
91539
91551
91574
91580
91599
91601
91614
91617
91621
91632
91653
91665
91685
91691
91696
91700
91720
91745
91758
91783
91800
91804
91807
91820
91830
91854
91857
91865
91884
91896
91902
91911
91918
91945
91946
91949
91951
91958
91971
91977
91984
91993
92009
92010
92055
92078
92082
92094
92096
92111
92114
92125
92158
92164
92166
92167
92175
92187
92199
92225
92246
92289
92295
92331
92339
92355
92359
92401
92425
92426
92443
92454
92484
92492
92522
92524
92528
92545
92555
92565
92590
92602
92619
92621
92622
92627
92628
92629
92639
92641
92653
92654
92659
92662
92669
92687
92690
92701
92707
92714
92721
92733
92736
92746
92748
92754
92764
92778
92788
92791
92820
92841
92857
92903
92940
92945
92947
92955
92966
92970
92976
92977
92979
92980
92987
92995
93003
93005
93007
93009
93011
93014
93018
93028
93030
93040
93043
93050
93055
93062
93065
93066
93072
93081
93083
93093
93102
93117
93123
93126
93134
93153
93175
93182
93198
93200
93205
93210
93218
93222
93223
93232
93234
93250
93254
93281
93289
93296
93307
93308
93311
93313
93329
93360
93382
93391
93395
93400
93412
93450
93467
93470
93473
93492
93496
93506
93508
93517
93518
93532
93534
93543
93549
93568
93576
93577
93585
93596
93606
93608
93610
93621
93628
93634
93649
93651
93674
93688
93706
93709
93718
93727
93752
93778
93779
93789
93792
93806
93809
93814
93815
93831
93849
93863
93869
93885
93902
93942
93949
93960
93964
93976
93994
94008
94017
94018
94034
94046
94060
94064
94076
94082
94086
94153
94178
94179
94194
94200
94206
94216
94254
94257
94259
94271
94283
94285
94289
94300
94301
94321
94322
94328
94332
94373
94378
94379
94389
94397
94400
94405
94408
94413
94425
94430
94439
94446
94451
94460
94473
94499
94506
94508
94531
94532
94535
94557
94560
94577
94584
94598
94606
94621
94639
94669
94690
94700
94742
94745
94749
94757
94758
94795
94804
94806
94808
94809
94817
94823
94825
94833
94837
94840
94841
94871
94875
94888
94890
94906
94908
94911
94928
94930
94932
94933
94944
94947
94956
94962
94966
94978
94981
94987
94988
95000
95012
95013
95029
95060
95064
95066
95085
95131
95144
95147
95152
95157
95162
95166
95168
95170
95181
95196
95225
95241
95248
95258
95262
95264
95272
95284
95287
95293
95299
95317
95320
95342
95367
95381
95390
95392
95393
95394
95412
95422
95425
95443
95454
95470
95510
95527
95564
95572
95633
95646
95656
95718
95737
95761
95773
95776
95781
95785
95792
95810
95825
95829
95837
95889
95894
95897
95902
95918
95937
95960
95967
95968
95999
96004
96007
96009
96017
96022
96040
96048
96077
96096
96098
96104
96109
96110
96140
96143
96155
96157
96161
96162
96175
96206
96211
96218
96222
96223
96240
96256
96260
96262
96306
96318
96329
96338
96342
96353
96375
96392
96399
96408
96413
96420
96428
96437
96447
96448
96465
96471
96483
96498
96514
96536
96537
96538
96545
96554
96562
96569
96590
96629
96644
96657
96682
96704
96706
96707
96733
96743
96750
96777
96778
96786
96810
96813
96826
96831
96835
96840
96841
96844
96848
96850
96861
96881
96882
96887
96888
96889
96891
96909
96914
96926
96932
96971
96975
96980
96995
97008
97025
97029
97046
97051
97055
97060
97072
97075
97076
97077
97095
97105
97116
97125
97131
97138
97150
97159
97161
97186
97196
97201
97233
97250
97251
97278
97298
97309
97316
97328
97335
97340
97341
97347
97383
97424
97427
97432
97457
97481
97485
97511
97524
97535
97548
97586
97588
97597
97641
97643
97665
97674
97679
97697
97719
97723
97729
97737
97751
97753
97766
97773
97778
97795
97796
97800
97802
97809
97812
97813
97842
97845
97848
97857
97860
97872
97884
97891
97893
97904
97960
97961
97972
97994
97999
98004
98009
98017
98021
98031
98033
98046
98064
98065
98070
98071
98075
98081
98118
98119
98121
98125
98147
98160
98182
98183
98187
98212
98217
98229
98242
98282
98297
98308
98311
98335
98342
98356
98380
98397
98398
98406
98418
98450
98456
98463
98468
98470
98488
98491
98505
98510
98523
98534
98535
98547
98548
98555
98568
98572
98586
98597
98616
98621
98631
98633
98635
98674
98694
98714
98715
98717
98722
98728
98737
98812
98827
98848
98860
98873
98877
98881
98882
98885
98887
98894
98903
98910
98918
98919
98926
98944
98947
98961
98965
98970
98979
98987
99000
99007
99029
99030
99035
99049
99053
99061
99071
99078
99083
99102
99113
99114
99116
99132
99156
99159
99165
99187
99197
99199
99201
99202
99243
99250
99252
99254
99257
99258
99262
99263
99271
99275
99280
99291
99293
99330
99336
99349
99371
99376
99379
99382
99385
99400
99402
99426
99429
99431
99437
99439
99449
99453
99456
99461
99470
99484
99495
99497
99502
99558
99560
99568
99576
99582
99587
99599
99603
99609
99615
99623
99652
99660
99671
99688
99696
99700
99707
99710
99712
99715
99719
99722
99723
99730
99742
99744
99746
99760
99792
99799
99804
99809
99816
99819
99820
99827
99831
99843
99849
99853
99864
99874
99877
99878
99901
99920
99921
99937
99944
99945
99949
99959
99980
99990
99993
99994
99995
100007
100024
100026
100030
100033
100050
100060
100071
100090
100099
100106
100120
100129
100133
100139
100161
100209
100212
100214
100236
100256
100266
100268
100293
100307
100311
100314
100319
100323
100326
100329
100357
100373
100375
100377
100382
100424
100430
100439
100446
100457
100471
100483
100493
100508
100522
100545
100554
100577
100578
100590
100600
100620
100639
100651
100680
100705
100713
100716
100729
100767
100794
100797
100800
100802
100812
100820
100825
100838
100843
100849
100865
100883
100896
100906
100917
100923
100926
100939
100946
100950
100951
100952
100959
100965
101000
101022
101045
101048
101108
101126
101128
101133
101140
101151
101178
101191
101192
101196
101199
101206
101209
101212
101214
101250
101268
101272
101286
101291
101304
101313
101322
101335
101401
101413
101428
101443
101458
101467
101502
101508
101517
101531
101537
101544
101547
101570
101574
101586
101591
101598
101604
101628
101631
101636
101644
101646
101648
101674
101677
101683
101686
101702
101705
101715
101728
101729
101732
101737
101747
101752
101769
101773
101777
101779
101785
101786
101788
101795
101798
101806
101829
101854
101857
101859
101860
101867
101870
101884
101888
101890
101894
101919
101924
101942
101950
101964
101966
101970
101972
101976
101977
102009
102011
102047
102054
102055
102057
102058
102062
102085
102102
102116
102131
102147
102149
102154
102155
102156
102165
102198
102201
102218
102235
102237
102242
102248
102249
102252
102278
102279
102285
102286
102293
102310
102311
102318
102321
102326
102328
102336
102352
102353
102371
102413
102419
102428
102431
102437
102440
102441
102458
102459
102460
102463
102472
102484
102490
102505
102535
102537
102551
102562
102566
102569
102574
102583
102590
102603
102606
102613
102623
102624
102628
102638
102644
102646
102689
102697
102707
102710
102719
102727
102733
102752
102775
102794
102807
102808
102815
102822
102824
102837
102882
102898
102915
102962
102966
102972
102985
102998
103004
103007
103010
103015
103043
103054
103067
103069
103073
103085
103091
103092
103096
103113
103128
103133
103135
103138
103154
103155
103162
103164
103185
103190
103225
103247
103248
103257
103259
103268
103283
103284
103285
103286
103299
103302
103305
103341
103343
103346
103354
103363
103375
103376
103381
103391
103397
103399
103404
103406
103417
103425
103449
103454
103459
103460
103468
103471
103476
103483
103501
103502
103508
103510
103519
103522
103561
103567
103580
103661
103662
103672
103679
103682
103686
103692
103708
103709
103727
103733
103735
103755
103758
103804
103813
103816
103827
103835
103842
103866
103891
103892
103896
103904
103920
103933
103936
103969
103981
104003
104015
104027
104033
104041
104045
104054
104055
104066
104080
104092
104114
104125
104142
104143
104145
104148
104151
104163
104164
104165
104171
104172
104178
104202
104206
104224
104230
104235
104240
104243
104257
104258
104265
104279
104282
104286
104289
104304
104310
104327
104358
104368
104385
104391
104398
104411
104425
104449
104451
104459
104464
104465
104478
104495
104506
104528
104534
104536
104547
104556
104558
104560
104566
104591
104595
104633
104638
104650
104656
104678
104685
104687
104689
104691
104705
104737
104739
104740
104742
104756
104797
104802
104832
104844
104853
104854
104878
104885
104902
104914
104941
104960
104967
104970
104978
104992
105016
105017
105033
105096
105100
105101
105103
105105
105133
105138
105140
105148
105152
105155
105156
105164
105170
105173
105176
105233
105240
105248
105256
105257
105259
105272
105274
105275
105283
105288
105319
105321
105358
105368
105369
105371
105378
105402
105403
105430
105437
105456
105459
105480
105485
105502
105533
105539
105542
105548
105558
105569
105571
105576
105578
105609
105620
105636
105642
105666
105669
105675
105679
105683
105688
105689
105748
105772
105794
105802
105813
105815
105834
105856
105861
105881
105887
105889
105894
105908
105911
105954
105996
106009
106025
106038
106053
106055
106074
106134
106140
106142
106148
106161
106182
106207
106259
106268
106269
106293
106300
106314
106333
106348
106363
106380
106385
106387
106402
106408
106413
106424
106429
106434
106459
106460
106461
106465
106476
106477
106479
106491
106503
106543
106549
106551
106554
106557
106572
106582
106586
106598
106614
106617
106624
106645
106664
106716
106720
106721
106723
106732
106761
106774
106800
106829
106833
106863
106867
106882
106886
106893
106907
106916
106922
106959
106961
106966
106984
107002
107016
107021
107059
107060
107064
107067
107070
107081
107085
107107
107113
107122
107123
107131
107143
107145
107146
107151
107186
107193
107195
107213
107225
107252
107263
107273
107278
107287
107310
107313
107321
107332
107335
107360
107362
107388
107392
107394
107398
107401
107424
107425
107431
107435
107444
107449
107457
107470
107476
107524
107529
107538
107544
107545
107572
107577
107587
107592
107599
107601
107612
107618
107625
107638
107641
107677
107682
107692
107694
107697
107737
107745
107749
107753
107764
107771
107785
107790
107796
107813
107820
107830
107842
107847
107852
107865
107867
107876
107888
107891
107895
107897
107903
107913
107916
107936
107959
107969
107975
108010
108012
108018
108037
108056
108066
108074
108080
108091
108098
108103
108106
108117
108139
108176
108178
108185
108199
108209
108214
108215
108223
108230
108235
108239
108249
108303
108304
108322
108328
108333
108336
108341
108362
108368
108371
108373
108375
108376
108391
108398
108401
108405
108417
108426
108429
108442
108454
108463
108466
108498
108513
108515
108528
108537
108557
108572
108573
108578
108610
108612
108640
108649
108651
108658
108660
108664
108678
108679
108701
108702
108706
108710
108716
108726
108743
108747
108750
108756
108767
108779
