0
46
107
110
265
530
606
716
739
854
967
1240
1266
1316
1345
1582
1681
1684
1706
1713
1834
2050
2316
2379
2413
2426
2475
3066
3148
3406
3507
3518
3543
3637
3675
3722
3858
3898
4030
4262
4427
4565
4773
5223
5664
5733
5792
5819
5895
5907
5936
5990
6338
6362
6379
6421
6554
6627
6691
6828
6829
6990
7217
7428
7483
7657
7675
7684
7783
7848
7929
8164
8268
8397
8660
8664
8765
8775
8961
9032
9221
9237
9293
9396
9485
9520
9567
9663
9823
9844
10061
10076
10136
10228
10340
10377
10445
10505
10571
10626
10666
10798
10878
11023
11348
11508
11561
11807
11826
11887
11909
12099
12225
12362
12392
12400
12434
12460
12466
12518
12638
12694
12934
13016
13058
13067
13133
13403
13408
13462
13984
14191
14347
14358
14445
14658
14724
14854
15178
15219
15387
15482
15738
15787
15848
16131
16138
16212
16297
16311
16407
16620
16664
16885
16917
16932
17113
17163
17224
17272
17281
17335
17388
17391
17399
17403
17423
17544
17550
17588
17607
17677
17805
17815
17833
17881
18032
18138
18215
18306
18465
18571
18776
18783
18856
19027
19176
19319
19335
19463
19467
19470
19516
19605
19690
19712
20293
20536
20551
20575
20594
20661
20672
20840
20846
21019
21113
21225
21292
21318
21630
21640
21900
21989
22249
22303
22338
22367
22553
22654
22673
22996
23047
23112
23334
23369
23462
23539
23624
23636
23696
23732
23766
23903
23966
24018
24020
24050
24112
24173
24388
24560
24657
24807
24810
24942
24986
25121
25159
25181
25289
25308
25324
25378
25487
25716
25719
25864
25887
25906
25987
26003
26266
26406
26683
26725
26733
26785
26869
27119
27180
27481
27526
27672
27707
27803
27954
27966
27973
28203
28313
28502
28658
28714
28813
28891
29088
29094
29168
29179
29438
29463
29473
29501
29511
29847
30012
30060
30315
30329
30395
30417
30449
30895
30924
30928
31000
31033
31111
31337
31358
31400
31854
32041
32061
32082
32158
32184
32617
32836
33170
33242
33257
33258
33277
33348
33397
33657
33802
33847
34095
34191
34280
34330
34579
34587
34674
34810
34903
34963
35043
35142
35161
35171
35282
35456
35539
35620
35711
35749
35766
35786
35816
35825
36156
36316
36466
36501
36550
36708
37069
37240
37346
37405
37598
37614
37702
37716
37824
37908
37990
38144
38282
38396
38479
38648
38999
39011
39049
39311
39368
39590
39697
39853
40534
40605
40698
40775
40801
40852
40920
41098
41203
41241
41268
41427
41962
42072
42090
42281
42284
42335
42374
42381
42604
42946
43116
43197
43286
43443
43503
43526
43750
43927
44261
44387
44459
44586
44736
44797
44988
45165
45196
45230
45340
45348
45358
45478
45583
45636
45679
45830
45861
45894
45925
45934
46188
46678
46732
46738
46751
46822
46865
46896
47093
47139
47239
47273
47375
47481
47527
47867
47912
48010
48144
48301
48378
48396
48463
48589
48614
48776
48905
48988
49025
49117
49377
49624
49699
49720
49770
49960
50020
50095
50148
50149
50178
50223
50633
50683
50927
50999
51303
51363
51490
51698
52011
52101
52157
52277
52373
52380
52409
52428
52489
52642
52806
52888
52972
53022
53053
53057
53403
53629
53646
53735
53805
54261
54265
54598
54601
54618
54794
54860
55023
55053
55266
55295
55402
55578
55970
56004
56087
56175
56206
56228
56281
56488
56551
56565
56583
56607
56702
56724
56773
56976
57030
57061
57147
57264
57285
57555
57677
57787
57816
58108
58309
58532
58533
58672
58708
58748
58786
59018
59028
59149
59326
59600
59832
59874
59948
60106
60173
60262
60438
60511
60636
60826
60967
61005
61120
61169
61180
61232
61341
61406
61545
61550
61687
61688
61754
61835
62002
62047
62223
62244
62432
62611
62949
63078
63152
63175
63263
63365
63385
63400
63557
63721
63825
63942
63960
63983
64139
64214
64634
64832
64954
64977
65290
65353
65450
65487
65771
65778
65876
66107
66242
66377
66451
66699
66729
66756
66989
67201
67235
67290
67330
67351
67489
67709
67897
67998
68005
68088
68109
68224
68433
68539
68560
68634
68813
69095
69143
69479
69691
69915
69995
70042
70281
70404
70447
70478
70500
70645
70776
70835
70842
70876
70962
70966
71401
71508
71736
71740
71764
71800
71865
72017
72129
72242
72288
72501
73055
73062
73120
73192
73193
73274
73363
73448
73457
73473
73606
73657
73750
73751
73899
74086
74197
74339
74464
74509
74540
74547
74754
74818
74822
74942
74943
75151
75157
75293
75306
75405
75444
75578
75589
75738
75817
75846
76031
76079
76283
76439
76459
76521
76664
76704
76755
76936
76992
77026
77321
77416
77917
77951
78091
78214
78450
78462
78484
78616
78740
79015
79027
79238
79263
79305
79442
79514
79546
79574
79582
79602
79634
79760
79806
79807
79850
79873
80021
80194
80251
80276
80377
80599
80604
80677
81112
81202
81250
81269
81315
81547
81586
81772
81930
81953
81957
81963
82378
82520
82546
82826
82898
83069
83105
83126
83193
83221
83432
83451
83456
83683
83847
84132
84136
84341
84447
84770
84801
84858
84931
84996
85198
85429
85440
85505
85583
85618
85928
85950
86646
86674
86760
86851
87011
87033
87071
87338
87383
87495
87570
87584
87632
87701
88047
88403
88422
88613
88619
88638
88718
88757
89353
89603
89645
89650
89709
89755
89806
89939
90084
90261
90296
90541
90641
90722
90848
91187
91219
91240
91270
91272
91295
91537
91683
92203
92205
92244
92263
92344
92382
92453
92464
92514
92802
92803
92959
92998
93010
93012
93064
93122
93277
93318
93357
93443
93696
93751
93859
93888
93926
94081
94218
94228
94299
94305
94466
94583
94744
94861
94901
95515
95703
95717
95901
96216
96249
96632
96669
96672
96709
96899
96935
97320
97479
97775
97971
97973
98102
98178
98377
98417
98608
98669
98699
98718
98776
98813
99121
99172
99245
99529
99574
100039
100137
100172
100206
100255
100259
100270
100271
100400
100527
100730
100735
100736
100889
100987
101217
101310
101536
101750
101983
102122
102415
102823
103026
103511
103523
103526
103792
103798
103894
104062
104076
104108
104241
104539
104817
104837
104949
105032
105077
105245
105359
105444
105876
105939
106019
106087
106228
106469
106577
106610
106644
106681
106815
106939
107027
107173
107223
107297
107370
107478
107487
107543
107569
107702
107750
107806
107857
107968
108186
108196
108315
108389
108402
108484
108509
108559
108740
108786
108860
108868
109034
109379
109444
109516
